-64 -13 -30 -12 0
40 -42 93 -61 1
-13 74 -12 -19 1
65 -75 -23 -28 0
-91 48 15 97 1
-21 75 92 -18 1
-1 77 -71 47 1
47 42 67 -68 1
93 -91 85 27 1
-68 -69 51 63 1
14 83 -72 -66 0
28 28 64 -47 1
33 -62 -83 -21 0
32 5 -58 86 1
-69 20 -99 -35 0
69 -43 -65 2 0
19 -89 74 -18 1
-9 28 42 -1 1
-47 40 21 70 1
-16 -32 -94 96 0
-53 27 31 0 1
80 -22 43 48 1
86 -77 41 17 1
-15 -52 -51 -31 0
69 63 92 -5 1
97 -6 -100 13 0
78 -64 62 -52 1
-7 31 -2 -58 0
12 49 27 -100 0
38 14 -57 86 1
27 -77 87 30 1
21 -2 -38 63 1
23 95 -18 74 1
48 -50 55 -86 0
-59 -42 93 -64 1
-90 -14 -57 4 0
-89 -98 -49 -20 0
-68 82 28 -62 1
-81 74 -58 15 0
84 88 -23 -70 0
-76 25 -98 -97 0
-6 7 -87 12 0
-60 -28 -81 -5 0
-28 54 94 80 1
-33 -39 -86 -4 0
-96 95 39 -14 1
21 9 -25 84 1
-84 52 57 49 1
10 -75 88 21 1
18 17 89 -17 1
61 4 60 21 1
-30 -69 -87 -29 0
84 52 -21 -59 0
-82 -60 82 -89 0
66 11 -7 29 1
18 -56 25 -76 0
-33 -97 -65 89 0
97 -57 -68 -89 0
4 38 82 65 1
25 56 11 -98 0
-73 51 -47 -49 0
74 48 81 -71 1
-33 -65 -61 37 0
-27 -59 51 31 1
-54 78 8 -97 0
-69 -91 38 -73 0
73 99 67 -39 1
-15 -3 -56 -66 0
62 -12 -67 33 0
-64 -100 -66 97 0
26 81 -20 90 1
36 89 29 12 1
-65 20 -9 68 1
16 -64 76 -75 0
-33 3 -65 14 0
-70 -71 -67 46 0
-83 -16 -98 -31 0
1 40 -56 17 0
-34 11 -9 -15 0
67 -61 50 58 1
45 98 99 -82 1
-8 -57 -17 77 1
-59 -7 74 49 1
-11 -27 -72 5 0
86 28 -37 -84 0
6 64 -6 -76 0
16 91 95 -49 1
36 84 -9 -7 1
23 -13 60 47 1
-28 99 -13 -87 0
-42 -19 20 16 1
83 -36 64 -75 1
-68 70 -86 -72 0
-80 -32 -78 22 0
-17 35 100 -39 1
41 -95 -100 36 0
81 39 -96 67 0
-8 73 -74 -26 0
-48 77 -49 5 0
-82 17 -66 -49 0
58 81 -42 71 1
-45 -82 73 -13 1
93 -30 -47 -52 0
-6 -41 -20 54 1
24 63 -42 77 1
6 -56 -87 21 0
-30 -62 67 36 1
-87 35 -78 -21 0
-92 -94 99 94 1
-40 44 -44 14 0
51 -76 -96 0 0
-51 -13 -70 -46 0
53 -80 -3 1 0
85 51 55 -71 1
61 15 -47 19 0
79 -14 -93 5 0
37 82 28 -17 1
20 64 48 17 1
-97 26 -58 -35 0
-80 -64 -32 12 0
75 38 4 -9 1
-57 -37 59 48 1
98 -91 88 -9 1
11 63 -17 -24 0
-82 13 -26 71 1
31 40 -42 29 1
13 28 -61 -76 0
86 -64 -1 -31 0
34 -97 21 68 1
88 61 -72 -32 0
-74 9 79 81 1
97 61 35 25 1
-6 -28 -16 35 1
95 8 -33 2 0
-16 -29 -17 -100 0
33 -9 7 58 1
-93 49 36 71 1
-54 -100 4 79 1
-62 -11 -26 23 0
-13 -4 -17 -74 0
-68 15 98 -3 1
72 -41 -43 78 1
73 32 85 -7 1
-9 45 63 94 1
48 73 85 19 1
64 5 90 -96 1
58 9 -13 63 1
-27 83 -74 18 0
-78 -2 -10 -49 0
-54 -39 88 -53 1
4 28 38 41 1
-29 -6 -94 73 0
58 -85 69 66 1
-47 71 -18 35 1
-35 69 -34 14 1
-8 -22 0 59 1
78 74 -7 14 1
61 -88 -20 -34 0
100 25 38 12 1
55 84 20 -35 1
92 97 -12 -66 0
-97 88 65 71 1
-12 -30 48 34 1
-72 15 34 -34 1
-8 2 1 23 1
97 9 -27 0 0
82 -23 49 59 1
-19 -65 36 -75 0
-79 73 44 53 1
19 65 27 29 1
33 98 40 -10 1
-26 82 -22 -38 0
-28 99 -55 33 1
-53 87 70 95 1
38 -43 -11 31 1
25 -18 97 86 1
32 -83 97 91 1
-6 52 31 -31 1
68 64 -42 77 1
83 52 61 46 1
-3 35 81 -54 1
27 61 -19 57 1
-88 18 -54 18 0
-68 -66 15 -13 0
24 53 74 7 1
-48 10 -36 -24 0
18 -27 46 -96 0
-93 31 -52 -24 0
-63 16 -52 9 0
79 -51 -29 -10 0
77 -71 -97 -26 0
-16 -35 19 -80 0
-58 -72 54 -13 1
80 -52 94 2 1
-91 -98 16 8 0
-11 24 17 0 1
-10 -32 5 -90 0
-88 4 65 67 1
60 22 -67 54 0
-1 -50 -12 -80 0
56 -28 -82 53 0
52 -61 23 -72 0
52 46 95 72 1
-55 -46 -100 38 0
95 34 -1 85 1
98 47 62 -50 1
2 -80 71 18 1
28 9 5 94 1
40 -85 18 -67 0
51 40 33 -62 1
-99 -90 -94 25 0
-94 2 66 -25 1
14 -15 26 14 1
78 -49 -98 -24 0
57 -91 15 100 1
33 16 81 93 1
-57 -21 -38 -24 0
-53 -24 49 20 1
-82 -11 -87 -8 0
5 -94 0 -52 0
-60 54 58 33 1
43 91 -63 -41 0
13 -5 -4 -68 0
-38 38 40 -7 1
-36 57 -10 50 1
47 33 -64 -17 0
27 -95 -8 54 1
-17 40 35 80 1
-20 57 -100 -26 0
31 -39 -33 44 0
12 -16 16 -44 0
-38 84 -52 45 1
17 85 -91 90 1
-21 61 32 44 1
-29 -38 -77 -9 0
10 -93 -78 -2 0
58 -20 55 -53 1
14 -89 -22 -70 0
-10 -66 -46 -19 0
63 -29 9 -41 0
12 65 -32 81 1
-87 1 -81 7 0
-92 -4 97 24 1
0 29 57 33 1
68 50 -70 -81 0
-96 48 6 -26 0
23 95 -40 -7 1
69 -60 88 79 1
-60 -41 -71 -6 0
65 26 -84 -1 0
67 57 -35 -77 0
100 28 -13 -63 0
11 91 54 -11 1
34 1 -59 45 0
12 -57 10 97 1
18 47 -78 9 0
39 -89 61 35 1
19 -74 -52 99 1
82 -4 0 -18 0
-13 49 -98 -92 0
-90 -95 -62 66 0
0 93 17 -41 1
64 33 -95 -62 0
63 -12 77 -16 1
14 -91 32 77 1
-76 -6 30 -17 1
31 -23 -89 41 0
-19 54 98 75 1
-2 -79 48 70 1
22 85 45 1 1
83 0 96 11 1
-89 -3 47 12 1
-89 -75 -3 -5 0
-55 -94 -11 -12 0
-62 -49 -84 51 0
-97 -10 74 22 1
57 -98 33 21 1
99 -85 -22 63 1
80 3 18 -93 0
79 2 79 57 1
83 13 39 95 1
22 -45 -12 -32 0
17 15 85 -7 1
2 39 -18 -97 0
65 35 -71 -22 0
-89 -89 -84 -40 0
23 3 91 87 1
29 46 81 -72 1
92 -15 -27 36 1
39 17 79 -19 1
83 -85 31 6 1
-72 -42 -22 11 0
-35 -24 -89 -75 0
3 -89 -10 62 1
29 44 -99 -84 0
-67 -67 72 -60 0
-28 6 -17 60 1
51 -32 59 50 1
-36 -69 -21 -17 0
-85 -49 40 73 1
-90 5 -20 -30 0
-79 95 -20 -36 0
29 -50 -4 7 0
-18 85 50 -85 1
43 -72 -29 -73 0
-43 -42 -87 46 0
-22 -80 -29 83 1
-56 -9 -56 -85 0
-13 -23 57 -5 1
10 32 -72 93 1
-51 77 -13 -43 0
-59 94 75 -83 1
-80 66 -36 34 1
50 -21 -26 62 1
68 66 49 -66 1
17 60 70 27 1
-56 -1 -59 3 0
55 -52 27 38 1
-32 -83 -97 1 0
-6 -71 2 23 0
58 94 -40 35 1
79 -27 92 45 1
68 -79 -6 54 1
43 -83 -90 45 0
31 -27 -71 95 1
99 32 89 -10 1
0 34 -68 -19 0
19 18 -63 19 0
-73 -49 -22 87 1
-14 -5 -92 -44 0
-71 56 62 86 1
27 26 11 44 1
100 -41 -93 40 0
-68 -25 -60 -100 0
9 -8 65 75 1
-39 3 78 -32 1
85 19 32 5 1
-64 -20 65 17 1
-65 76 28 -51 1
85 -91 -50 76 0
-88 98 24 64 1
-1 2 -64 -70 0
14 47 66 72 1
-65 -86 -71 79 0
-40 -19 -33 -71 0
55 31 -67 79 1
18 55 -44 -79 0
67 -26 -71 57 0
89 -42 -76 14 0
-84 92 0 23 1
-87 -99 -98 -34 0
47 58 -61 -23 0
77 -74 15 40 1
92 -99 64 -90 0
6 -68 -72 86 0
94 -35 -17 -53 0
-19 64 99 -47 1
98 37 -85 -82 0
57 81 88 -58 1
30 -71 45 -65 0
20 -81 44 -77 0
40 -1 9 84 1
94 -80 31 -19 0
72 -62 -58 -63 0
6 -60 11 -73 0
32 79 50 65 1
-65 -70 -93 -12 0
43 38 47 -23 1
-44 46 99 -40 1
-76 60 8 -61 0
16 4 26 11 1
16 -84 80 -54 1
-6 -16 -77 43 0
72 -17 19 -45 0
-2 55 -55 -19 0
55 -23 76 -6 1
33 21 13 -72 0
-35 -32 100 14 1
61 18 -52 -1 0
-31 93 -1 -29 1
-99 29 99 53 1
0 -23 8 78 1
55 -4 -57 -81 0
-2 -55 0 -20 0
12 21 71 95 1
-92 74 -36 16 0
48 -4 7 33 1
-15 -76 -98 99 0
8 -72 18 -5 0
-35 14 42 -79 0
11 11 97 -67 1
6 30 -73 19 0
47 43 -29 -71 0
63 -52 77 -20 1
84 -37 86 33 1
-49 -39 6 -83 0
-55 -38 -78 2 0
37 -95 -24 -39 0
70 44 -41 -83 0
96 -40 53 42 1
9 -39 81 -19 1
-71 98 -72 33 0
-16 83 78 -14 1
81 -90 -57 87 0
58 -41 42 76 1
20 25 -44 93 1
4 35 97 43 1
19 -48 -68 -13 0
62 -71 -49 81 0
-96 92 23 54 1
33 22 -12 -83 0
96 -44 60 -19 1
-28 -27 59 -6 1
-27 8 76 60 1
-86 -39 -13 60 1
-44 56 71 -3 1
78 -54 8 -28 0
65 20 -98 -83 0
43 95 -15 -7 1
1 20 50 -93 0
-45 77 -74 32 0
9 -11 -74 88 0
11 -17 -22 46 1
21 -4 -9 -64 0
2 48 27 31 1
46 -49 -51 -69 0
46 -88 11 -2 0
-29 -6 -55 -35 0
-12 -84 -55 27 0
65 78 52 76 1
-96 79 74 -60 1
42 38 55 -22 1
2 41 -96 -85 0
-71 70 53 -78 1
10 -57 83 30 1
53 25 20 28 1
-5 84 10 98 1
-14 90 -54 -11 0
40 -38 -63 59 0
19 56 -41 -17 0
-60 4 21 -11 1
-71 -72 -48 -58 0
38 -83 28 67 1
-62 93 -52 -55 0
22 77 -78 -8 0
-35 -15 -34 -68 0
78 -30 2 63 1
51 22 -18 2 1
-11 -21 13 55 1
-15 -99 -91 15 0
-19 39 -36 -33 0
89 -46 -64 26 0
-81 97 25 90 1
96 69 44 85 1
33 -4 -78 31 0
36 -38 -8 69 1
-26 2 -8 -5 0
8 39 62 -9 1
-51 -29 67 2 1
19 -42 -95 -27 0
-12 40 -41 -85 0
-96 50 80 -34 1
-29 9 -28 -95 0
-61 -21 -21 -59 0
50 47 -38 -71 0
-91 39 25 -1 1
-74 3 -28 29 0
-1 14 74 -45 1
-90 -76 -5 -57 0
41 -45 -95 51 0
-58 3 -51 1 0
2 -25 17 84 1
71 52 -19 -79 0
46 -37 -11 -71 0
-63 77 68 6 1
3 -89 -44 91 0
42 -68 93 21 1
17 -35 -64 -75 0
-28 -50 -88 52 0
47 95 38 -93 1
80 -8 -86 100 1
-54 -65 51 -39 0
17 81 -88 73 1
-93 75 10 67 1
-6 47 9 78 1
-35 71 -18 -11 0
1 20 84 -28 1
78 -66 -89 8 0
39 4 64 26 1
77 -52 -26 39 0
-7 -66 -61 12 0
-90 -98 21 -25 0
74 -49 69 -9 1
31 -84 -37 -36 0
-87 -62 -96 -97 0
47 -19 44 26 1
-29 52 -89 50 0
-40 30 36 -28 1
-62 -48 -12 -37 0
49 -96 59 65 1
-93 50 24 -58 0
87 -46 15 79 1
-18 -77 -17 -75 0
-43 97 -11 -55 0
11 -12 79 -41 1
72 54 20 17 1
71 21 60 -70 1
42 -29 -4 89 1
-99 75 24 9 1
18 71 -85 -32 0
-15 67 6 -6 1
-100 -19 86 -88 0
-57 82 25 75 1
-78 -69 16 -66 0
-58 -32 22 -38 0
-64 -17 72 11 1
98 -94 76 37 1
-72 -23 84 37 1
-34 -91 10 64 1
-72 -36 24 41 1
-98 65 99 -13 1
-97 11 -20 -18 0
-50 89 -72 -65 0
-47 -74 13 3 0
-58 -54 97 -72 1
27 71 -17 -38 0
-26 37 -25 -4 0
66 -69 50 26 1
-9 -43 -79 -39 0
-59 15 7 -1 1
69 51 -48 -77 0
22 -28 -59 -40 0
-53 43 -64 93 1
-6 -58 -100 34 0
-33 -69 -71 -84 0
95 -74 -94 -89 0
-19 -45 25 -57 0
-33 -80 19 -86 0
-86 -20 91 17 1
-57 55 2 48 1
-77 -66 -68 -35 0
-78 -79 85 -32 1
-55 67 -76 -14 0
-83 80 36 -95 0
-14 -18 -90 -38 0
-71 39 58 -29 1
-42 -58 -29 53 0
-46 18 -17 -75 0
73 21 31 16 1
-17 -63 61 88 1
8 -93 88 65 1
-16 -2 -84 73 0
67 -67 -3 -35 0
-13 -32 -76 -94 0
-3 14 -40 -39 0
87 21 -71 -72 0
52 31 49 -94 0
-16 -79 19 -73 0
54 92 10 31 1
-47 -63 -93 20 0
-20 39 30 -46 1
-95 -83 25 -22 0
33 -22 -19 10 0
8 -70 -2 -97 0
28 -7 -56 72 1
27 15 89 -100 1
-83 57 -9 62 1
87 -79 -37 1 0
45 -62 29 43 1
-83 81 50 14 1
75 94 -89 37 0
-60 82 79 -53 1
-96 38 34 18 1
72 -28 36 100 1
-82 -98 97 0 1
6 57 55 45 1
86 39 -51 -28 0
-12 -97 12 -89 0
-43 78 43 85 1
31 18 88 67 1
57 81 -33 -44 0
19 -21 -55 -10 0
-21 -89 33 58 1
86 -32 -41 -68 0
-63 71 25 -40 1
-55 -71 55 -73 0
-71 26 -28 -25 0
-3 -62 -89 -11 0
-68 78 -60 98 1
-70 50 23 -25 1
-65 96 -37 -96 0
77 16 57 91 1
-39 -9 11 4 1
-10 -74 -27 78 1
-6 -83 99 -44 1
-65 -53 -52 19 0
99 17 -33 23 1
99 -38 100 -63 1
-95 -3 -45 74 0
-62 -51 -92 22 0
93 -34 -38 -84 0
89 94 -89 59 1
38 -80 0 -86 0
20 -48 99 57 1
33 -86 14 -49 0
-68 51 -9 -94 0
20 -35 -25 -13 0
98 -60 88 -64 1
40 63 -38 97 1
-38 86 -24 -82 0
28 -99 -10 12 0
7 49 -22 -87 0
-33 5 45 -95 0
-74 91 55 69 1
-87 -55 76 -44 1
-42 -83 -5 35 0
-74 -83 96 -57 0
75 25 -8 -28 0
86 -73 -94 35 0
81 19 -74 23 0
-63 -7 77 -80 0
19 84 89 83 1
51 85 37 28 1
2 47 99 -50 1
-62 95 58 -63 1
84 26 33 -41 1
89 -69 98 -11 1
45 -69 59 -16 1
-10 -61 78 -26 1
-62 -32 23 -61 0
27 -87 63 23 1
39 3 -25 -46 0
64 -18 79 62 1
86 -20 -72 37 0
1 -92 45 53 1
-6 23 1 87 1
23 -41 86 -82 1
-88 29 -73 -90 0
95 89 -84 -73 0
24 -94 -100 -93 0
53 -33 -41 16 0
64 72 13 100 1
11 66 70 64 1
-32 -9 -87 41 0
69 -28 34 -6 1
40 -2 31 -84 0
-95 -60 83 57 1
81 -78 1 -77 0
22 64 87 -66 1
98 34 -12 -24 1
-83 -5 -52 -63 0
-100 13 8 -96 0
-5 88 27 -90 0
-71 -3 5 -87 0
-81 -59 72 -49 0
7 44 65 -86 1
64 14 32 -53 1
28 -51 65 -56 1
-31 4 -84 -84 0
-90 -95 51 75 1
-33 66 -82 -6 0
-69 70 -53 -79 0
-45 -26 8 -69 0
-17 -34 47 59 1
14 -81 -61 67 0
-39 -3 72 82 1
22 90 44 -20 1
34 96 -55 58 1
-24 23 81 61 1
-10 46 34 20 1
30 54 -75 -87 0
91 -38 -43 -63 0
73 49 7 -31 1
-51 -75 -88 -48 0
-30 75 -27 38 1
-28 44 -5 -6 1
-62 76 88 -94 1
98 19 -99 11 0
91 93 25 -79 1
-54 -100 64 54 1
48 -16 -66 10 0
-39 58 55 -27 1
-28 -48 -16 51 1
-38 -52 87 -57 1
70 41 11 -91 0
55 -10 -66 -30 0
69 -63 -94 -42 0
-15 -97 -25 -89 0
57 -22 -74 7 0
-20 63 -48 45 1
-20 38 88 -1 1
53 27 54 -49 1
-21 -73 32 2 0
3 81 -77 7 0
7 -78 -8 -57 0
-94 41 45 68 1
25 96 -82 30 0
-73 36 -49 75 1
-37 58 -87 -8 0
74 42 74 73 1
-3 -96 16 38 1
16 -37 -82 100 0
19 -42 41 -88 0
57 -22 4 -23 0
37 74 88 -24 1
57 9 -25 13 1
52 -41 100 43 1
82 60 15 8 1
14 13 -89 -85 0
-75 -79 50 -9 0
8 100 -9 7 1
3 -1 58 69 1
37 18 -48 -57 0
-19 78 44 -36 1
-74 35 82 -18 1
86 -25 -43 86 1
-87 100 -82 45 0
70 -56 -13 -30 0
-54 -46 78 -57 1
-35 1 -94 21 0
75 72 -91 -97 0
37 23 -66 -99 0
-62 -6 78 41 1
-14 -54 -13 -63 0
-7 -10 -18 -94 0
-26 71 -99 76 0
-21 45 -81 47 0
-35 55 63 -91 1
-87 81 -30 -90 0
21 -57 1 33 1
68 -85 -86 -100 0
-65 -3 42 -94 0
-12 -97 -32 1 0
-5 55 14 -33 1
-66 69 -87 27 0
13 45 6 68 1
-62 -58 -33 -73 0
88 43 62 3 1
78 -56 -16 -48 0
53 72 -19 33 1
-17 99 -32 -5 1
-7 6 -9 60 1
69 57 41 8 1
37 -46 36 -75 0
61 -83 75 -84 0
-51 -38 -29 -6 0
-14 65 -91 74 0
40 -12 25 17 1
50 84 -22 -55 0
-67 90 -96 -31 0
25 -24 69 40 1
-100 97 50 -3 1
77 15 -35 38 1
98 22 -84 99 1
55 -62 7 -16 0
69 15 98 66 1
62 13 3 -60 0
-60 55 -6 64 1
-2 -41 -11 55 1
84 27 86 -69 1
-52 26 31 -36 1
-63 67 -88 -16 0
-24 20 14 75 1
-43 49 8 -88 0
45 67 59 11 1
57 83 93 -63 1
-100 -77 41 36 1
-47 -20 -87 36 0
34 55 65 63 1
-60 54 -6 85 1
-55 -20 -42 51 0
100 25 -82 43 0
25 -12 -36 31 0
48 75 90 -3 1
-76 -60 37 -28 0
99 -59 -81 -33 0
27 19 -34 -76 0
-16 63 22 74 1
-68 -66 -58 -8 0
-63 -18 -45 6 0
-65 -1 -35 -7 0
48 -1 -54 -2 0
-9 -38 -38 -22 0
6 58 -9 -49 0
-96 96 34 -59 1
-97 67 0 55 1
41 -56 -100 -26 0
-22 28 -100 -4 0
16 -89 -71 33 0
-31 85 -70 -82 0
6 -84 19 -19 0
-91 37 -24 92 1
56 -23 -13 86 1
21 76 55 7 1
53 11 -24 -76 0
-95 -66 -24 87 1
-57 -41 -79 8 0
-88 12 -2 33 1
-80 24 59 -2 1
-77 -81 -15 -53 0
-94 -32 -76 75 0
60 -84 50 25 1
-72 -72 13 1 0
-11 33 -34 63 1
79 -23 84 -95 1
-71 -9 81 93 1
-39 54 -72 67 1
-3 5 75 9 1
60 21 -96 82 0
28 -89 79 -1 1
96 -74 -85 6 0
44 16 -30 -5 0
-98 -83 -35 60 0
66 -32 -6 -96 0
-21 27 -79 21 0
15 2 -90 -84 0
-98 -54 89 74 1
10 -68 51 89 1
29 -64 -11 -92 0
-53 -9 -100 63 0
-74 90 11 80 1
50 59 29 -7 1
-97 -97 -2 16 0
64 70 10 -80 0
33 -17 82 -97 1
-17 51 -52 -6 0
58 35 70 40 1
-96 55 11 71 1
81 38 -57 -94 0
99 -100 -49 62 0
-4 -77 92 99 1
58 -82 -68 -98 0
66 -88 -36 26 0
-28 -97 41 26 1
31 98 34 48 1
-42 -98 75 80 1
-42 10 -18 -20 0
-43 71 -67 -31 0
-21 -11 -76 0 0
88 21 -36 89 1
-23 -88 98 13 1
-51 31 60 15 1
77 41 -25 -83 0
-32 -53 -26 66 1
16 2 76 -64 1
-75 -65 99 92 1
-36 -92 95 -94 0
1 35 79 -18 1
20 -83 -97 26 0
-92 -53 -57 89 0
-97 -56 -25 -51 0
-50 38 71 2 1
-38 -18 -38 17 0
63 -15 56 87 1
-11 -99 49 53 1
38 20 69 -87 1
79 -34 35 -60 0
-44 -15 -63 74 0
83 34 -100 36 0
23 65 95 74 1
69 -8 -37 -43 0
0 -61 93 79 1
89 9 97 86 1
-9 -5 68 -27 1
81 20 -93 -1 0
75 97 69 -72 1
22 -15 -89 -97 0
-82 63 -54 5 0
45 11 55 -46 1
11 47 99 -29 1
1 71 72 10 1
74 62 61 -26 1
19 -31 -54 60 0
67 58 11 75 1
29 60 26 4 1
13 91 19 -55 1
83 10 18 -36 1
1 50 55 -95 0
9 -65 9 -65 0
24 4 95 56 1
-9 37 -57 31 0
7 39 79 6 1
32 57 -40 72 1
-98 -31 -53 45 0
-21 84 -59 52 1
4 -97 88 -54 1
12 59 98 -49 1
-3 75 -89 3 0
-38 36 90 31 1
83 7 -46 69 1
-46 -75 9 34 0
-29 91 -7 97 1
-62 95 -93 14 0
71 51 -71 -49 0
45 84 -57 61 1
-52 6 70 29 1
6 -47 92 27 1
-44 43 -20 100 1
5 48 89 91 1
-46 71 53 28 1
23 -51 67 30 1
98 31 -70 -87 0
-80 16 -25 -89 0
33 12 44 90 1
36 -73 34 8 1
-58 32 43 88 1
28 67 -63 -94 0
-7 -42 11 53 1
-24 -36 90 80 1
-50 77 56 99 1
93 8 -50 35 1
-74 68 -39 76 1
50 -86 -37 -15 0
-48 35 -64 98 1
48 -62 32 44 1
11 84 11 -86 0
27 -85 42 38 1
-96 -16 5 -48 0
-47 -33 -56 24 0
-98 88 -34 -77 0
-72 -47 46 11 1
87 -35 -32 -64 0
-19 -76 7 -24 0
-66 -15 -44 -37 0
-64 7 69 -94 0
45 -69 14 -94 0
78 -84 -70 -72 0
27 60 2 -62 0
-71 -98 -17 -24 0
46 -36 69 50 1
-83 70 -96 32 0
46 97 -86 -90 0
-50 -66 -97 -92 0
-18 -32 35 6 1
-7 -65 -54 73 0
95 -42 31 98 1
-34 52 83 87 1
63 -97 -29 55 0
-34 12 -29 -90 0
9 91 23 12 1
21 -95 -60 80 0
71 93 34 -72 1
33 -26 35 -71 0
0 -18 -53 88 1
-37 23 94 -59 1
-71 -4 -51 88 1
-48 -75 -64 47 0
-4 -9 54 -44 1
-44 -72 73 -95 0
93 -15 -66 29 0
-7 -86 -70 37 0
82 -73 35 -7 1
64 66 -8 13 1
-15 65 48 -87 1
9 68 78 -46 1
26 93 -28 -42 0
3 8 -27 -51 0
-83 -51 -11 85 1
15 -10 -87 -69 0
24 -79 -3 -99 0
71 83 -30 -66 0
-54 -10 45 12 1
-88 -48 -53 16 0
67 12 76 83 1
53 -36 -40 58 1
0 2 -8 -21 0
66 2 -52 -93 0
-63 -34 -23 -80 0
-54 -68 -48 83 0
47 84 -78 -14 0
-40 62 -39 82 1
-62 76 62 89 1
93 82 9 45 1
-48 -66 71 41 1
-83 -69 -79 9 0
29 -31 75 66 1
-37 59 -8 2 1
14 -32 65 35 1
-33 -46 -79 49 0
-43 -34 -53 -68 0
61 86 60 3 1
45 37 -1 72 1
-14 -95 37 18 1
-35 89 33 96 1
35 82 -81 -49 0
66 41 -89 -13 0
2 -46 81 -25 1
-60 -5 -97 89 0
30 99 -98 -75 0
-54 33 -84 14 0
36 20 14 -8 1
-22 84 -94 -23 0
-44 -97 -41 2 0
11 -96 -100 66 0
34 15 48 98 1
44 -36 -33 23 0
-31 11 -39 -61 0
-41 -73 92 -67 0
-75 80 42 76 1
62 16 -60 78 1
90 14 -57 19 0
-62 47 -58 49 0
48 -10 63 55 1
31 24 35 -96 0
-96 -47 37 96 1
61 77 51 85 1
-23 49 -8 -77 0
12 33 89 -98 1
-100 -91 -29 57 0
49 -22 -63 -10 0
-24 -21 46 -34 1
-84 -25 -91 21 0
-27 -70 -78 6 0
-80 5 -32 10 0
-21 61 92 11 1
43 -23 37 -51 0
38 13 3 -66 0
67 76 -56 6 0
-99 100 -100 39 0
54 7 70 -81 1
-15 11 -99 88 0
-18 -38 39 77 1
91 16 3 37 1
-76 -32 -74 -48 0
7 -46 57 29 1
-100 -85 61 60 1
97 58 5 75 1
-42 17 35 58 1
-15 -70 69 -92 0
-35 9 -92 -51 0
16 -36 -9 -50 0
76 57 -29 -74 0
42 21 -81 26 0
36 -61 57 -77 0
-23 -60 29 -11 0
-70 69 -20 24 1
-38 -25 3 -29 0
2 -63 -57 87 0
64 60 -27 44 1
63 31 -61 65 1
-97 68 -42 29 0
-97 -89 31 10 0
87 40 -4 67 1
-50 -100 -46 -46 0
11 -13 99 87 1
-35 -87 84 -70 0
-15 -19 51 63 1
61 34 -76 -66 0
4 85 2 52 1
-95 76 53 96 1
-62 28 -41 -27 0
78 -72 43 94 1
-64 35 59 71 1
-59 -72 26 82 1
-48 18 70 59 1
-14 -43 -77 24 0
-32 -36 45 98 1
-32 30 67 66 1
82 3 28 -91 0
-25 72 -48 0 0
5 75 97 -52 1
66 -64 32 -61 0
90 73 -58 60 1
29 75 62 -58 1
-58 8 70 -54 1
9 5 -60 8 0
12 -20 71 -8 1
92 -37 -56 25 0
30 -78 24 52 1
72 -17 35 -47 1
-38 57 -92 -59 0
62 74 89 100 1
17 -45 -32 -53 0
-93 -44 -15 -14 0
-30 -81 71 -30 1
-4 1 -14 5 0
-79 39 71 -33 1
57 49 -31 -99 0
61 68 7 3 1
71 -49 -6 82 1
-49 73 -7 32 1
84 76 20 48 1
-84 -47 94 48 1
84 52 -57 -16 0
91 -85 -3 -76 0
-12 4 -9 -39 0
31 47 40 14 1
-56 -26 37 91 1
17 74 41 -31 1
73 35 -59 10 0
44 78 -61 -65 0
6 -72 17 -19 0
-63 -99 -70 -66 0
16 -97 61 71 1
-11 -99 -2 84 1
-51 3 -60 -18 0
-59 -46 75 -8 1
27 93 -59 -62 0
40 56 -75 -47 0
91 -9 -23 61 1
17 36 96 -54 1
18 -15 73 -78 1
-86 -100 78 82 1
78 37 -67 -60 0
68 35 54 57 1
78 85 -83 26 0
-90 -57 90 93 1
25 -81 34 -95 0
96 94 68 -29 1
68 -76 80 22 1
50 -59 -94 20 0
-49 67 -76 -69 0
48 46 -65 -12 0
-9 -56 0 50 1
59 78 -82 -22 0
-93 -89 91 85 1
-42 -62 69 92 1
-66 70 80 -30 1
31 68 23 -9 1
67 -75 -100 7 0
62 25 93 12 1
-57 65 7 -58 0
96 80 99 -7 1
-99 -77 -12 -11 0
-31 50 -20 -5 0
92 95 -3 -69 0
98 -48 -36 -92 0
-76 -30 -25 96 1
-38 1 -29 -75 0
79 -58 33 65 1
32 90 -58 -88 0
-84 85 -31 -87 0
-89 6 -61 -100 0
52 12 55 19 1
58 52 26 -6 1
21 80 10 60 1
90 -39 -14 -53 0
36 -97 0 80 1
-40 -41 87 -12 1
-12 -1 -35 -16 0
-93 -14 -56 -68 0
-67 -23 29 -97 0
67 90 -38 0 1
-73 86 -2 9 1
75 53 -20 14 1
53 92 -85 -20 0
0 -93 51 -60 0
-62 9 -63 13 0
1 96 -14 88 1
-51 -70 -29 65 0
59 77 75 -47 1
3 36 -82 -75 0
67 -98 78 4 1
3 -3 -97 -74 0
81 11 91 13 1
15 85 -35 6 1
-18 -29 71 -31 1
-42 68 1 47 1
-66 -12 -6 93 1
28 9 -53 20 0
-96 -36 64 -40 0
78 83 -32 -95 0
89 -78 -17 -24 0
-39 67 -68 85 1
-70 -16 48 86 1
-31 -12 49 -30 1
93 80 -87 -21 0
11 -57 -33 -91 0
-46 -12 83 22 1
-45 84 -51 -80 0
65 81 -39 -60 0
26 -33 -63 31 0
66 -67 -11 69 1
-78 -34 -43 55 0
-42 20 56 88 1
-53 -67 53 18 1
100 -93 79 -71 0
67 69 -80 -67 0
13 20 -90 -24 0
-53 30 -47 -31 0
47 28 45 10 1
-42 64 40 72 1
-21 65 18 52 1
73 80 -16 22 1
88 35 10 -77 0
-80 -31 -93 -64 0
11 37 97 -75 1
-67 -36 61 -17 1
-98 -84 26 -13 0
-39 -42 14 -75 0
22 70 45 -60 1
-40 -19 69 66 1
98 11 -76 -67 0
97 -91 -63 2 0
39 53 -84 -17 0
-39 22 51 78 1
21 12 -91 -58 0
69 -74 19 18 1
-58 -38 -89 99 0
60 25 -70 -14 0
-71 -68 94 50 1
75 -60 52 18 1
42 -98 95 -67 1
-58 -64 28 52 1
-50 -62 -45 -88 0
25 -85 -74 51 0
84 -84 -18 73 1
61 31 -42 2 0
-29 -43 48 12 1
-34 -40 -90 -49 0
-2 -100 -30 -87 0
-75 -9 -53 -31 0
5 -77 79 82 1
-76 -79 -87 -34 0
69 29 -42 -48 0
28 85 26 -86 0
0 35 -52 -27 0
8 -51 -96 -84 0
44 -37 44 95 1
4 82 -98 -68 0
85 -30 56 -78 0
55 21 77 26 1
-96 -96 94 -25 1
94 -25 -24 37 1
-65 79 34 -69 1
-73 -90 76 100 1
1 -21 -74 -31 0
92 64 -68 -63 0
-18 -23 -34 68 1
28 66 -36 37 1
-38 77 -97 33 0
-19 -82 -55 -36 0
17 -62 8 69 1
-83 72 46 91 1
34 -46 88 67 1
28 -63 -64 35 0
-55 39 32 98 1
-62 24 -60 -38 0
-30 62 -20 56 1
60 -51 -92 -79 0
-50 52 44 -15 1
-90 60 36 87 1
98 6 -55 48 1
62 -96 -52 -76 0
93 3 -57 -84 0
-43 -95 23 -92 0
-67 -46 -36 60 0
-98 55 -13 -34 0
99 -55 48 92 1
35 -76 93 -1 1
-38 -6 62 49 1
-13 45 -31 27 1
-97 -11 49 87 1
34 89 -78 -77 0
-15 -24 50 -40 1
38 85 -59 -31 0
67 15 89 -10 1
54 74 16 44 1
29 -22 -91 -37 0
-37 88 63 -1 1
36 -44 15 4 1
73 -23 89 -56 1
80 -86 41 -42 0
34 7 -28 -49 0
-86 10 -72 57 0
-6 -92 7 94 1
-44 -21 84 84 1
-2 -63 70 2 1
1 -95 42 84 1
39 44 59 -24 1
86 87 92 89 1
-2 -36 20 -43 0
44 27 32 0 1
-97 33 -50 27 0
70 76 -55 -85 0
17 -9 83 87 1
83 25 61 -89 1
27 -66 -87 35 0
52 93 -1 -18 1
10 -60 83 -35 1
-73 43 43 -59 1
-94 26 -44 80 1
34 -22 59 34 1
-67 27 86 26 1
-54 27 -74 -49 0
60 88 -54 -5 0
35 77 -61 93 1
-95 1 55 66 1
-55 51 -88 37 0
57 57 -87 -13 0
-76 37 -32 65 1
84 -14 88 52 1
1 4 80 -47 1
-2 74 61 41 1
99 -88 74 -71 0
-88 83 -52 -65 0
-66 -42 88 29 1
45 71 83 -91 1
83 44 -33 69 1
-53 -12 -42 -64 0
-88 -74 -98 -78 0
-54 -17 -82 -66 0
-5 95 -100 55 0
-52 31 -89 12 0
56 -60 -98 -41 0
-90 32 9 27 1
-10 7 -92 -63 0
2 -9 86 86 1
77 -81 -65 64 0
24 -26 -51 46 0
-96 -51 -87 79 0
44 83 4 -39 1
-2 -83 98 -76 0
-7 -34 -54 68 0
67 -91 7 -74 0
-80 85 96 6 1
-34 -48 -61 -17 0
91 16 35 -69 1
-4 96 55 52 1
-45 36 -56 -47 0
-62 55 -57 -92 0
68 20 -68 92 1
-84 17 -25 -21 0
-49 92 10 64 1
-40 -82 53 -60 0
53 -96 38 -3 1
-14 10 63 -16 1
33 -42 -1 75 1
3 58 39 -92 0
21 -74 4 -5 0
-50 -81 83 -69 0
98 79 -63 39 1
-21 72 -47 32 1
45 -75 82 22 1
-24 -100 -4 98 1
69 4 -17 23 1
-1 -7 -75 23 0
72 -28 -62 -50 0
43 32 -74 -25 0
-74 -72 28 -31 0
-43 -87 -78 -39 0
-10 -38 33 -18 1
-56 10 -33 -77 0
37 79 -95 -67 0
29 -37 -16 89 1
-9 -69 86 31 1
-16 38 79 -27 1
97 41 -40 4 0
-19 86 -55 53 1
31 92 -86 98 1
-85 -95 -46 -100 0
99 89 -19 -68 0
-42 -71 59 59 1
-82 7 2 -29 0
90 -81 -31 77 1
92 29 -50 81 1
-40 -42 16 85 1
46 69 -94 71 1
60 -25 23 -76 0
-50 36 17 -17 1
-98 -72 -62 74 0
-57 -3 16 -87 0
-55 -67 -90 15 0
-13 25 -23 15 0
-70 -36 7 99 1
-33 26 10 28 1
-5 36 -33 -89 0
51 -80 -99 98 0
-32 70 -1 24 1
-78 58 -62 -25 0
-48 -2 95 13 1
92 -94 -67 -71 0
-15 -86 -48 -14 0
-9 95 13 -6 1
3 74 -13 -76 0
41 60 -68 18 0
-75 -27 1 8 0
45 51 -65 21 0
-65 62 -16 97 1
-80 -94 36 -100 0
-39 -11 2 -29 0
22 -94 97 64 1
57 3 -81 -53 0
50 -33 35 -44 0
-7 -28 46 50 1
50 -54 -61 -44 0
62 -40 -2 41 1
-72 -41 -87 61 0
22 54 -23 85 1
25 -26 -13 -9 0
-45 -15 -9 -77 0
99 41 -80 -65 0
63 97 -63 50 1
61 -82 28 -69 0
-70 73 30 49 1
-82 -20 -1 -88 0
-28 24 88 -1 1
37 -69 -51 -37 0
7 -53 28 73 1
24 -46 -62 -64 0
58 -67 -1 5 0
18 26 -74 -54 0
-82 -12 -59 -81 0
-98 -58 -51 57 0
93 -79 18 -11 0
-22 21 -14 39 1
-46 -76 -31 -94 0
-39 -59 88 7 1
75 40 40 -55 1
-63 -18 100 -47 1
-60 36 -100 -68 0
40 -80 14 -85 0
-77 90 -46 8 0
-13 -91 9 5 0
-30 63 66 -35 1
-67 1 -3 61 1
31 -14 1 22 1
78 61 -97 -23 0
62 -21 71 -70 1
69 56 37 -89 1
53 -43 -27 -38 0
-4 49 63 84 1
21 72 94 -4 1
-8 0 -26 -1 0
-71 89 -59 65 1
91 57 -3 -65 0
-16 -67 31 -5 0
0 100 -12 90 1
-75 -11 -63 95 0
27 91 -23 -4 1
6 -95 -79 68 0
41 -73 -66 28 0
-45 -56 76 11 1
-49 -41 -83 -4 0
-89 70 98 -67 1
-49 80 -31 -19 0
82 -90 -59 59 0
-97 70 -6 34 1
-36 -96 32 -37 0
92 -14 57 -78 1
-13 -51 -74 18 0
-44 39 30 -88 0
-98 -9 17 21 1
21 -65 28 -39 0
-23 1 46 63 1
-90 -81 55 -91 0
12 66 22 -88 0
2 -31 -14 -38 0
-88 -34 -41 28 0
-76 6 32 100 1
46 -55 99 -28 1
44 -14 6 -21 0
27 -80 -52 -13 0
-34 -52 39 52 1
43 11 53 27 1
33 -78 -46 -49 0
62 57 40 -56 1
-42 24 -80 -37 0
74 -3 -25 -54 0
-6 10 -89 98 0
-5 -66 -59 49 0
-9 -19 -43 34 0
39 89 12 10 1
47 -93 -43 44 0
-30 68 90 94 1
-90 -59 70 68 1
57 -26 -26 59 1
-19 -1 64 -39 1
-19 13 55 -75 0
75 82 100 11 1
39 76 -8 -84 0
94 100 61 23 1
76 42 68 -35 1
74 -78 92 68 1
92 59 -40 26 1
-72 24 85 -17 1
-4 6 -57 -32 0
-7 -74 79 -16 1
-53 -43 -59 99 0
56 60 40 -12 1
10 99 88 -61 1
-55 61 -6 -40 0
62 94 57 20 1
67 -37 50 -47 1
92 -74 -32 -57 0
75 37 -30 57 1
-95 -99 24 -14 0
-74 -7 33 44 1
54 -56 -74 -22 0
-12 36 -81 19 0
-41 -25 74 -79 0
94 89 -43 54 1
-47 12 96 21 1
50 -18 66 93 1
32 25 47 -9 1
35 12 17 -2 1
-12 -43 -31 -56 0
-87 66 -100 13 0
79 96 -55 50 1
-70 -68 19 -5 0
-55 0 31 88 1
63 -81 -2 45 1
-97 88 100 -35 1
43 5 -92 20 0
-48 50 -90 -56 0
40 -97 -78 40 0
53 81 -10 -60 0
69 28 83 -41 1
80 55 -60 -79 0
98 -24 35 31 1
-73 85 -12 77 1
74 -64 -92 37 0
29 66 48 -55 1
-11 72 -11 97 1
-36 3 -42 98 1
-30 3 -83 -89 0
-83 -63 -6 85 1
13 -88 45 26 1
-64 60 27 31 1
18 17 65 99 1
89 -95 45 -82 0
-82 -19 -67 38 0
-51 -91 54 32 1
4 -11 14 -29 0
-3 -83 12 -83 0
2 100 2 -42 1
-13 83 62 96 1
30 13 -75 -30 0
38 -81 73 -21 1
-16 81 82 -65 1
75 99 4 -40 1
-64 13 56 72 1
-54 37 0 -13 0
63 -8 -82 -22 0
48 -64 -28 12 0
3 -87 7 -79 0
-41 89 -68 -70 0
-27 -9 89 56 1
-44 -77 -8 84 1
-34 -80 -14 -4 0
35 84 -79 -16 0
47 -11 75 65 1
-12 -17 83 70 1
-87 72 -9 -14 0
-9 31 85 61 1
-71 -15 -34 -62 0
52 -23 -75 -63 0
-86 57 11 35 1
-42 55 56 -14 1
-32 95 -76 54 1
37 87 5 83 1
-29 -16 39 98 1
-8 9 -98 67 0
-43 55 59 63 1
40 -36 51 33 1
83 92 -65 27 1
-90 57 -37 -52 0
-41 16 75 89 1
38 47 -23 85 1
95 -64 -97 63 0
99 -26 -16 -8 0
-28 -92 24 97 1
87 85 16 -14 1
-50 -1 -20 17 0
55 -4 -53 94 1
-89 -18 -76 28 0
9 88 100 -13 1
-99 -7 -53 2 0
78 25 26 97 1
-15 -66 -62 27 0
5 -51 32 -49 0
-67 -15 32 79 1
25 -29 84 26 1
-64 -49 -39 89 1
11 94 85 53 1
40 89 21 25 1
33 63 80 37 1
-51 84 57 89 1
62 22 71 -67 1
22 56 -78 -11 0
-83 -67 -3 -11 0
23 -93 92 -88 0
-29 72 -13 -62 0
-98 87 -27 58 1
90 -50 54 -88 0
46 57 86 66 1
-30 -34 24 -51 0
79 -20 -69 36 0
5 3 59 53 1
-82 -8 -35 85 1
-10 15 58 49 1
16 -25 -65 25 0
82 -36 -37 74 1
-4 68 -42 -32 0
57 -49 -46 -44 0
-18 -48 1 -34 0
15 -67 55 9 1
-58 13 -94 81 0
-7 -68 3 51 1
65 38 37 -35 1
-36 -97 53 89 1
4 95 -51 -99 0
-92 2 -3 7 0
-5 57 -52 88 1
9 56 -20 -12 0
-55 34 -82 -44 0
61 -92 -22 46 0
87 -61 52 40 1
-91 -3 77 -3 1
-50 43 67 -30 1
-39 45 36 11 1
93 35 -80 68 1
-28 16 28 19 1
-59 30 -68 24 0
-90 36 -79 19 0
-43 -55 -33 97 1
-73 40 -36 -97 0
89 71 -4 -60 0
-80 -86 -76 -33 0
-68 -27 -30 -33 0
-42 56 -97 66 0
8 -8 97 -99 1
45 90 75 -92 1
-27 80 41 12 1
-59 -76 -37 96 1
-29 -31 3 48 1
-33 93 -10 -35 0
68 12 2 74 1
49 -24 -30 60 1
70 -16 -14 -80 0
9 61 60 -91 1
87 0 31 -37 1
-38 36 -72 -87 0
-29 26 15 40 1
30 9 -23 -77 0
26 87 18 26 1
-21 -89 -91 -38 0
-35 39 -5 -52 0
-42 -25 29 21 1
100 53 -70 61 1
-13 -80 -51 36 0
-36 62 58 2 1
65 -78 -39 -58 0
-52 5 -80 71 0
35 93 20 73 1
-70 40 97 -44 1
49 97 -84 -57 0
26 -77 68 65 1
11 76 -61 4 0
-62 71 76 28 1
37 43 80 -47 1
32 56 -65 -80 0
-94 -59 59 -20 1
96 41 61 45 1
11 -35 -11 -53 0
-14 -58 50 -33 0
47 -54 -71 -32 0
9 58 72 61 1
-96 65 -48 -36 0
-83 45 67 4 1
-82 33 -2 31 1
-42 -100 19 -65 0
-75 -16 -7 93 1
42 -56 -96 98 0
45 89 -44 29 1
-84 94 -22 6 1
77 -76 -31 21 0
49 -92 100 -67 1
-31 -4 -100 -57 0
15 -94 42 65 1
-8 -47 -71 -7 0
20 22 31 -26 1
-59 67 -4 60 1
56 -86 -2 -38 0
-39 1 -33 41 0
46 -19 -39 -66 0
-2 -17 96 -25 1
49 31 13 -66 0
-10 100 63 6 1
77 -89 4 -34 0
-78 96 -59 -58 0
43 87 -40 -19 0
3 -5 -1 24 1
13 -97 73 53 1
-49 56 -18 8 1
51 10 -90 41 0
-23 -87 -35 -97 0
40 -92 -90 25 0
-94 -48 59 19 1
-57 49 -87 -29 0
-55 -72 -18 57 0
-39 54 -50 -85 0
74 -35 9 79 1
-75 -82 -61 76 0
-55 50 -73 -56 0
66 -100 37 -78 0
-31 25 51 -30 1
-14 -35 83 83 1
54 59 47 89 1
-75 -29 -89 23 0
85 -45 -83 82 0
4 -100 -89 -64 0
-92 -37 38 -91 0
18 -16 -96 87 0
-61 -48 -1 23 0
-52 -70 -97 -90 0
-68 49 69 22 1
10 -3 46 79 1
91 -48 94 -11 1
79 -8 69 -83 1
42 -41 -40 -87 0
-3 -78 89 -12 1
58 38 31 59 1
-68 41 77 -61 1
28 -76 -16 -57 0
5 -10 -3 -10 0
69 59 -60 -92 0
77 64 -19 -6 1
29 86 -71 -16 0
36 19 -64 -7 0
87 8 -85 -87 0
53 -50 39 -54 0
30 61 -10 69 1
-99 54 100 -17 1
55 -1 50 8 1
-16 64 52 -70 1
40 -48 -44 -32 0
93 -31 72 -15 1
13 52 36 22 1
12 22 58 -68 1
-15 95 85 17 1
-16 -19 26 45 1
-25 46 21 63 1
-42 -15 -57 91 1
-2 15 -3 55 1
91 -49 -41 64 1
76 39 -28 -7 0
61 75 42 10 1
59 -37 71 -79 1
30 54 -91 29 0
84 -33 -19 -99 0
12 -70 -66 75 0
76 -90 34 -95 0
-58 98 5 66 1
-95 -40 58 -41 0
-92 91 19 -14 1
31 -85 2 10 0
-6 -94 -7 -78 0
-90 56 35 -9 1
-17 -98 15 -29 0
79 -81 -6 -70 0
26 -73 -85 -53 0
-77 86 -6 36 1
41 -62 66 -98 0
-58 -49 -32 -62 0
97 -41 91 81 1
-38 10 14 61 1
-12 8 72 42 1
16 96 5 -19 1
53 91 64 40 1
-62 87 -70 -2 0
-17 -69 0 -25 0
-93 -31 -23 90 1
74 -68 -68 -72 0
-88 -7 -26 -45 0
-27 -51 -81 51 0
-70 88 80 -87 1
-69 86 44 -82 1
29 -85 60 -22 1
-27 -94 11 95 1
-30 18 -15 79 1
-26 86 -9 54 1
-74 -32 -41 57 0
76 -8 -39 88 1
43 10 -9 68 1
60 73 13 42 1
-32 -11 -88 72 0
5 -41 70 91 1
-48 41 80 78 1
20 78 13 97 1
16 82 -17 -12 1
21 75 -13 73 1
-38 -90 -6 -4 0
4 -46 -6 34 1
53 -95 83 -53 1
55 -11 61 44 1
44 -21 62 87 1
-31 -28 44 -49 0
-8 33 -100 -77 0
58 10 -62 68 1
-19 27 43 -26 1
-82 -73 -49 24 0
70 -53 -19 19 0
69 31 17 53 1
8 -21 -79 -40 0
-71 -78 -76 -33 0
37 -62 -36 -21 0
42 -31 -19 86 1
5 -33 -18 7 0
77 13 29 35 1
-92 -69 24 -86 0
48 46 63 -56 1
3 59 93 52 1
-62 -59 84 -25 1
-41 -65 -25 -53 0
77 14 14 9 1
-71 -50 21 38 1
-58 -74 85 5 1
99 25 16 -93 0
83 45 -26 98 1
-44 56 44 -39 1
-32 97 72 -46 1
60 10 83 93 1
-88 53 -36 -31 0
-24 58 68 45 1
56 -72 -89 -7 0
-35 4 28 8 1
78 55 84 -21 1
7 80 -84 -10 0
-23 -75 51 -40 0
99 47 -35 7 1
90 68 -32 43 1
-79 -81 56 38 1
-76 53 81 -93 1
48 -1 90 90 1
43 32 7 0 1
-4 3 -15 15 0
29 78 -77 -36 0
-86 -63 -48 -2 0
30 14 -3 45 1
-56 99 -73 51 1
-1 -35 -29 -43 0
-25 85 -90 -92 0
-86 -5 -74 -49 0
69 -59 -55 -5 0
54 1 97 -23 1
-91 -79 -98 60 0
-32 24 68 -94 0
93 -47 18 3 1
-48 -38 -37 19 0
-42 73 -14 -24 0
-84 -33 -76 33 0
-90 4 88 -11 1
-74 53 -75 -31 0
-73 92 -67 -98 0
89 -61 51 80 1
97 -66 30 0 1
-73 55 92 -15 1
-83 -28 36 -55 0
-87 -80 12 49 1
-13 29 66 -44 1
-25 52 -7 59 1
49 -35 -5 82 1
38 -52 6 -79 0
32 23 8 81 1
83 70 -5 -57 0
-28 50 -61 68 1
-66 -65 80 87 1
64 -51 -82 81 0
41 -46 91 85 1
-53 39 92 26 1
22 69 45 45 1
61 -60 63 -66 0
-9 15 -68 52 0
23 -91 -9 73 1
54 -87 64 -58 0
-76 -52 -49 59 0
60 72 -10 36 1
-83 11 50 57 1
-100 -94 49 -18 0
95 17 15 -77 0
-42 39 -46 -36 0
-76 96 -59 -66 0
94 36 63 32 1
95 64 -34 40 1
-37 -11 24 -76 0
-67 75 76 -56 1
-44 37 75 32 1
-25 4 -74 -91 0
-11 23 -27 56 1
-11 -32 -70 -53 0
61 17 -7 -47 0
-20 -5 66 93 1
-35 58 -59 65 1
-58 -99 90 -95 0
42 37 -33 -70 0
51 -19 38 -53 0
83 76 34 -30 1
-79 63 -73 44 0
-62 64 -93 -86 0
-63 96 -69 -28 0
63 -29 -13 -42 0
84 -33 7 4 1
24 -47 55 -64 0
61 68 9 68 1
-69 14 -14 -97 0
8 -100 -68 33 0
-93 97 43 9 1
-25 92 -67 62 1
-68 -38 -54 84 0
-34 -44 -69 -20 0
98 -90 -78 82 0
42 63 80 -33 1
6 -52 79 6 1
-42 73 -55 21 0
-3 48 67 -2 1
70 89 -46 -4 1
-3 -52 77 -15 1
28 -78 -37 -19 0
92 -63 24 -55 0
-53 -92 76 -59 0
61 -15 1 -4 1
-83 -74 -95 71 0
50 96 -44 -27 0
-57 49 -37 84 1
53 43 61 14 1
97 -38 98 83 1
41 -88 30 -16 0
-38 -100 -81 63 0
-14 -81 23 29 1
-70 88 15 91 1
-75 -51 -83 -20 0
-85 -75 -21 -43 0
68 -73 -90 -92 0
48 79 -11 -44 0
37 10 -5 63 1
37 -84 3 -87 0
12 -60 -3 11 0
81 7 73 47 1
22 40 -91 -59 0
-84 -65 -31 61 0
-65 97 -7 -51 0
-68 74 -24 63 1
7 -55 -96 23 0
-95 69 -11 -11 0
82 -47 -97 -56 0
-73 -11 -56 77 0
69 87 -10 -16 1
-88 -19 -7 -27 0
97 94 93 84 1
-1 -81 48 27 1
-63 -89 46 19 1
-66 -46 53 -18 1
6 71 73 76 1
37 -73 -77 -99 0
82 47 22 -94 0
-72 -8 -5 -20 0
-51 1 11 3 1
0 71 -69 -35 0
52 -66 25 0 1
-58 68 -100 95 0
-34 -34 -55 -88 0
3 -13 -94 -14 0
-40 27 -49 -44 0
73 -36 24 48 1
-64 -4 -82 78 0
63 -75 -6 87 1
-85 -78 -34 -77 0
61 17 6 16 1
100 5 75 -41 1
9 84 -81 -22 0
-62 -63 -65 -89 0
2 56 -58 73 1
-59 -22 -60 14 0
63 90 65 -45 1
-66 -69 47 -43 0
1 -77 -24 -20 0
-3 83 -70 -9 0
31 -14 29 -86 0
55 28 -91 -65 0
-22 -68 86 54 1
-88 -48 85 73 1
-22 -81 -7 18 0
23 -19 -30 61 1
-57 -100 -43 50 0
-86 0 -31 -90 0
-33 -96 80 -40 0
-48 91 33 -89 0
-40 41 40 35 1
-44 33 -43 38 0
58 31 22 -39 1
29 -57 44 67 1
45 -48 80 22 1
12 -93 46 49 1
50 -70 -32 -5 0
31 77 37 37 1
62 -6 -24 76 1
77 36 27 -76 0
64 19 -91 -94 0
-92 -19 -27 85 1
22 29 64 -100 0
-42 -59 -46 -74 0
62 97 26 -93 1
43 57 -39 -50 0
-97 77 97 -10 1
62 -3 81 -58 1
62 -34 -35 92 1
71 -89 18 -29 0
63 45 4 100 1
-63 -68 93 5 1
-96 87 -5 64 1
92 -17 -75 -71 0
-93 -10 34 59 1
87 -33 -96 -99 0
-24 36 -37 -67 0
61 19 -71 57 0
-37 53 -7 -44 0
95 6 -9 -60 0
8 -87 -10 72 1
-76 -2 76 53 1
88 65 -69 -85 0
39 45 -72 -57 0
27 -80 8 -64 0
-92 -53 -95 -70 0
88 79 75 -49 1
-98 -12 41 90 1
-17 -67 -62 -20 0
-81 64 -85 65 0
18 2 -90 -49 0
47 81 69 22 1
-91 -27 57 -35 1
23 17 -45 -17 0
-4 62 -42 58 1
81 -64 54 68 1
28 45 -42 -68 0
-83 99 -93 18 0
81 44 27 6 1
-70 -70 62 53 1
-18 48 85 -85 1
70 66 49 39 1
-31 -15 18 7 1
45 100 -83 49 1
-49 -98 -42 86 0
-52 -59 -71 -4 0
-24 -51 75 17 1
-62 -56 -19 27 0
57 -32 50 64 1
77 -21 59 45 1
-36 -85 94 -7 1
3 73 86 -66 1
26 -23 78 23 1
95 -3 -46 16 0
-41 24 47 -96 0
78 65 -22 75 1
2 70 -51 -72 0
-16 7 34 24 1
84 -44 73 -98 0
80 -27 -73 11 0
-7 -66 33 -44 0
-76 70 -55 -88 0
-96 0 64 -7 1
66 -26 -58 -65 0
-2 -42 -79 -30 0
40 -58 94 79 1
51 52 27 -26 1
-46 4 81 96 1
-19 -32 54 -60 0
-93 30 -2 -3 0
71 -71 -34 15 0
-54 67 12 -47 0
-86 58 95 49 1
64 -31 68 8 1
44 -93 47 -98 0
-40 60 -1 46 1
-49 -53 21 -39 0
45 -34 82 -91 1
70 -30 -79 77 0
-55 -93 -27 11 0
46 88 99 -96 1
13 48 94 -87 1
89 18 43 22 1
78 -47 -31 70 1
65 33 -48 12 0
-40 -41 -70 35 0
-17 -66 -74 -61 0
-18 45 27 92 1
10 89 -46 32 1
-44 56 22 10 1
45 35 71 92 1
-51 100 -99 55 0
71 -42 -85 80 0
-91 -76 100 8 1
-11 74 -2 -55 0
-35 82 100 52 1
25 17 -92 45 0
21 -61 -16 -94 0
-54 54 -21 -93 0
29 -72 -84 57 0
-24 -3 29 57 1
74 -6 13 33 1
49 33 -12 43 1
-46 4 -55 -13 0
-53 -58 50 -68 0
4 -41 -53 9 0
56 38 -79 21 0
47 -21 37 -76 0
-51 -50 80 -86 0
0 -69 98 1 1
-71 65 24 73 1
-20 -42 -95 -18 0
77 61 6 -50 1
-84 -15 -55 72 0
49 75 -74 -54 0
14 -96 -62 -23 0
-27 -30 -65 -88 0
33 -44 -72 90 0
8 -85 -5 75 1
-65 -5 39 53 1
-82 -4 -40 -10 0
-49 22 -32 71 1
-86 -95 28 74 1
-96 -39 -79 -50 0
27 11 3 -86 0
83 97 40 12 1
85 -97 -71 -67 0
-52 21 65 -82 0
64 12 -33 33 1
88 -37 100 45 1
6 2 11 8 1
95 3 -97 -31 0
72 -59 90 -57 1
23 -21 -6 28 1
44 61 73 -57 1
-29 -19 65 69 1
-62 -65 -51 -85 0
-46 -58 -11 -28 0
73 73 43 90 1
22 -48 7 -65 0
-2 8 -44 29 0
83 -8 -73 27 0
69 -98 42 -76 0
-81 33 -1 23 1
-65 61 54 10 1
-85 68 1 -85 0
63 -15 57 50 1
86 23 73 -97 1
-11 -21 95 -42 1
48 85 88 -77 1
31 -13 -3 95 1
37 58 43 28 1
67 -74 -39 75 1
-39 -10 14 -98 0
21 62 -68 -15 0
-34 88 -71 -92 0
-16 -43 56 63 1
-100 81 31 10 1
-35 53 40 -40 1
-26 85 50 9 1
-26 -41 -44 -50 0
11 -33 -68 -64 0
15 -65 -95 71 0
-3 97 -72 37 1
1 7 -39 9 0
-6 -43 93 46 1
83 95 33 66 1
55 -93 18 87 1
4 -3 76 58 1
-12 3 -56 86 1
81 -19 -56 61 1
-44 33 74 -94 1
48 29 -29 -64 0
49 4 -59 69 1
48 -38 -93 83 0
-39 -28 13 82 1
83 50 -85 70 1
-67 66 17 -70 0
8 -59 -23 63 1
-27 8 58 -88 0
-38 42 5 12 1
-3 -25 87 -46 1
0 81 -45 94 1
-34 -36 -21 -42 0
48 -57 43 52 1
88 -97 36 9 1
-80 -33 -53 -54 0
-38 47 12 73 1
87 88 16 86 1
-94 -20 14 -37 0
14 99 -13 48 1
25 94 -43 -5 0
-74 74 98 -52 1
87 86 -50 -6 0
2 -44 1 -55 0
-52 25 51 -32 1
-28 -84 18 -99 0
79 73 -20 -62 0
-96 15 -74 -25 0
-95 16 66 58 1
-76 -55 45 97 1
83 -38 -10 53 1
-87 -80 25 -96 0
63 -42 89 -60 1
30 99 -26 -9 1
41 40 -1 -25 1
92 64 58 34 1
24 12 27 29 1
45 -59 -2 29 1
66 -20 40 -36 1
80 60 -73 17 0
62 52 30 -70 1
-70 -31 -37 12 0
34 45 -63 -81 0
-34 84 51 -83 1
-4 -40 -67 79 0
-82 70 -3 100 1
-59 29 85 10 1
-24 -36 -40 61 0
-10 -57 67 -44 1
51 4 -78 -34 0
86 24 44 -3 1
79 87 15 -22 1
33 -53 44 28 1
-53 10 -78 -72 0
-25 66 -27 29 1
43 -1 -80 -10 0
23 72 40 5 1
70 -21 -48 97 1
-72 -62 35 -81 0
34 -24 37 -74 0
48 2 -64 18 0
59 -59 44 60 1
59 -53 2 -64 0
51 46 -74 -49 0
-52 -23 17 58 1
19 16 -21 94 1
-25 32 99 -36 1
56 83 3 -38 1
86 -30 -55 63 1
-47 36 43 47 1
92 -26 -90 81 0
32 95 68 37 1
-45 28 -65 56 0
-6 85 -19 -31 0
18 -55 -95 -76 0
-87 51 62 -7 1
86 73 94 69 1
-93 43 28 75 1
23 -58 -24 57 1
-13 -29 10 -32 0
-69 60 31 1 1
42 -34 -84 59 0
26 15 -77 -73 0
-77 -24 -60 78 0
-88 -43 63 92 1
-6 -83 -45 -72 0
76 -27 30 -65 0
-90 56 -59 30 0
-28 8 -74 48 0
87 -87 -86 81 0
39 11 -52 86 1
-92 -60 -52 62 0
65 -1 9 -60 0
21 -90 -53 23 0
-77 -44 66 32 1
80 -38 75 -74 1
99 -10 -75 -59 0
-80 59 10 82 1
30 90 -45 32 1
-72 -87 -75 -7 0
13 -18 -78 32 0
78 19 23 9 1
-4 -61 45 -34 0
-44 55 -22 -16 0
60 19 52 -25 1
-22 -86 64 36 1
-55 13 77 -13 1
68 -91 -49 4 0
73 -38 -90 -21 0
67 66 24 -96 0
61 21 -47 62 1
-34 75 -39 96 1
62 -66 -82 8 0
-95 -73 47 17 1
-20 -1 -59 66 0
39 22 -43 92 1
46 -63 -62 -86 0
65 -90 35 -12 0
45 -84 20 -72 0
14 83 -79 -89 0
-11 -10 -85 22 0
-63 -3 -79 -23 0
-6 -16 55 -7 1
-98 39 -66 18 0
23 -35 -27 -14 0
51 -12 -33 89 1
-3 -12 27 55 1
15 3 -10 1 0
16 59 -62 -41 0
56 64 97 75 1
35 -85 -66 41 0
-12 81 11 71 1
-43 76 39 -12 1
49 13 84 -61 1
71 -4 46 24 1
44 -95 59 -80 0
-73 98 -77 83 1
-69 -48 25 36 1
-44 70 -99 21 0
-62 50 37 59 1
10 21 -11 -98 0
33 57 4 76 1
-16 84 53 -56 1
33 5 32 -65 0
-13 22 -98 -18 0
-90 76 -52 -73 0
-72 20 1 19 1
37 10 -80 55 0
-95 82 65 61 1
-77 -1 -51 0 0
-38 100 17 -89 0
-23 -87 49 44 1
-48 26 -33 -55 0
-12 -63 18 -15 0
-89 -58 -53 76 0
-87 60 99 4 1
94 74 -26 77 1
-13 -5 -62 60 0
-53 -6 92 18 1
-47 49 39 -72 0
-26 -77 -87 -100 0
-87 44 -72 -79 0
-24 65 -19 -67 0
-54 97 -27 -13 0
-9 -7 -13 56 1
-66 -100 -81 -60 0
55 -57 -2 73 1
54 14 44 -74 0
31 -68 99 -65 1
83 17 17 76 1
-1 95 66 92 1
77 83 2 -60 1
22 99 54 46 1
40 -94 36 -64 0
-95 -76 -18 -43 0
-69 -3 79 54 1
-5 -86 -88 26 0
-65 -76 -28 19 0
37 80 3 -25 1
45 -1 -4 28 1
-89 87 -12 39 1
15 -8 -19 32 1
85 -78 -14 82 1
-99 29 36 -77 0
11 -20 2 91 1
-8 63 -33 84 1
-98 -89 100 24 1
93 47 16 58 1
-17 47 -1 16 1
99 38 21 -72 0
-65 78 11 77 1
78 31 -27 6 1
-18 27 82 -31 1
54 89 83 -21 1
25 50 19 -87 0
-57 -43 62 -86 0
-90 -33 -28 -35 0
3 78 46 83 1
-28 -100 -24 25 0
27 69 38 -56 1
6 -94 99 -88 0
-16 -59 -7 0 0
31 20 8 -93 0
-43 46 88 -12 1
-2 8 -65 -8 0
27 2 -73 -6 0
-35 -92 17 -11 0
-71 43 -97 79 0
51 -5 18 -79 0
-15 94 15 100 1
97 85 -49 -88 0
0 38 85 2 1
87 -50 -58 57 0
1 -47 68 72 1
-27 69 -12 -57 0
67 -94 -12 51 1
-60 -95 42 44 1
68 -74 -86 -42 0
-85 88 47 22 1
-18 90 -37 23 1
-21 33 -29 -29 0
50 -52 -17 -86 0
-98 7 48 38 1
-15 6 -59 -51 0
85 77 57 7 1
-32 64 -36 46 1
-56 31 -52 -12 0
56 -66 -28 22 0
-44 -63 5 14 0
40 -57 -62 76 0
-96 66 55 -90 0
6 -93 82 61 1
-43 90 -96 -47 0
40 58 -54 -80 0
-42 -49 33 -40 0
-17 35 74 37 1
-51 -83 -2 42 0
94 3 37 86 1
55 -41 7 -53 0
-53 60 4 -47 0
32 -71 65 -58 0
2 -79 50 -46 0
-38 45 14 -97 0
-82 97 -59 -66 0
37 14 15 -8 1
-68 -71 -5 -26 0
37 49 -39 -42 0
83 -1 21 -8 1
37 76 -58 -8 0
-31 -32 -83 -52 0
92 -48 21 -96 0
76 27 36 77 1
-12 -72 -43 -56 0
7 66 -32 -10 0
52 -25 -56 -75 0
82 -48 -9 -52 0
-37 -80 -81 -40 0
16 39 -59 -59 0
-94 -3 41 15 1
30 -55 100 -71 1
-15 -46 -45 -28 0
78 -53 -44 2 0
23 -16 -76 74 0
6 42 49 -11 1
83 -16 -67 40 0
-3 -29 37 -12 1
42 -13 1 33 1
-54 32 -88 -12 0
-19 83 -22 -19 0
-6 -91 65 -99 0
79 92 -74 39 1
-61 69 53 9 1
-67 -49 20 -79 0
25 -46 -21 -3 0
12 28 -89 -67 0
-90 41 -90 -61 0
-68 0 96 63 1
100 -13 -13 0 0
-18 91 74 -18 1
-80 -74 56 -88 0
-83 30 -64 -66 0
67 -90 -49 30 0
93 51 28 24 1
-26 -32 48 85 1
-95 0 -97 9 0
-87 -6 71 -98 0
23 61 23 55 1
-95 -49 65 -77 0
43 -26 63 52 1
-6 89 -47 8 0
-13 36 57 -6 1
-1 10 53 33 1
33 0 58 -97 0
20 -89 85 -73 0
28 39 64 -34 1
49 -6 -42 -73 0
46 17 10 77 1
22 -43 -60 -49 0
50 14 -71 81 1
68 -55 -50 81 1
-20 -89 -68 4 0
-43 27 55 40 1
-22 78 88 -23 1
90 80 93 88 1
59 12 -51 42 1
-89 96 -67 84 1
69 55 78 -5 1
45 43 66 30 1
-15 63 -83 67 0
91 20 -51 37 1
-75 57 94 12 1
-100 77 -95 -16 0
41 -63 -16 7 0
-70 88 -43 30 1
65 80 50 -7 1
-16 -35 -59 20 0
-14 82 99 -62 1
44 80 -8 79 1
-13 -72 74 37 1
69 55 43 -74 1
42 44 57 89 1
-94 -45 -35 -19 0
28 58 -51 -38 0
-99 59 -68 -26 0
31 -39 -12 22 0
40 -74 -96 69 0
77 48 87 -58 1
42 -46 32 -41 0
-50 16 -90 14 0
-89 -15 85 94 1
25 -38 39 27 1
-27 82 81 84 1
58 86 68 83 1
8 -12 -92 -85 0
85 21 35 -76 0
-47 78 -28 68 1
-26 67 50 -56 1
76 81 28 100 1
15 -78 -25 5 0
80 60 -54 47 1
17 -62 -4 -53 0
-53 76 56 6 1
49 -70 -3 60 1
99 -1 52 -35 1
-46 89 28 -47 1
-16 92 -47 36 1
-22 -62 -98 -97 0
82 46 -54 -93 0
-94 -100 100 -72 0
-84 -57 -44 12 0
-9 -27 -64 3 0
67 -93 60 -86 0
42 27 -1 -5 1
23 -88 23 -90 0
64 -95 43 17 1
14 -23 -16 44 1
-20 77 8 -74 0
48 69 70 74 1
-70 61 86 79 1
100 36 -73 -7 0
-33 -63 -44 -24 0
-98 -72 15 36 0
58 -10 -70 -52 0
1 -60 -100 7 0
44 -84 -15 97 1
6 42 8 21 1
-93 -71 67 100 1
76 67 43 -2 1
-48 -30 3 69 1
38 -21 -21 14 0
47 -58 73 -8 1
-33 5 -54 73 1
-73 73 -27 -75 0
45 -42 -63 -32 0
-81 85 32 -38 1
13 5 44 -19 1
28 76 -69 -59 0
59 -32 1 56 1
46 -5 27 44 1
-30 16 10 -66 0
68 -11 2 83 1
-77 -14 -14 -37 0
75 -68 19 -55 0
-15 23 38 -26 1
71 91 85 8 1
-28 55 -52 -44 0
-61 56 42 16 1
-70 59 26 -36 1
-36 39 -63 28 0
19 8 -66 23 0
-82 -68 66 59 1
39 25 18 55 1
-67 -91 33 96 1
31 9 -88 -27 0
39 41 65 16 1
48 -49 65 -75 0
-55 -97 -81 42 0
79 18 -11 30 1
-26 -46 35 96 1
34 -32 -60 -4 0
52 43 -50 50 1
-1 -21 78 64 1
46 10 81 28 1
-31 25 -32 68 1
72 -88 -95 -91 0
-72 -99 23 -77 0
-85 -62 94 -5 1
-2 82 -38 46 1
-24 55 -53 -11 0
70 -51 27 68 1
-41 -94 -59 -94 0
31 -14 29 -48 0
-14 -39 82 89 1
62 95 -98 7 0
61 28 19 -77 0
-35 -35 -99 -80 0
-24 -5 -62 97 1
84 -79 -10 89 1
1 -28 36 24 1
56 1 42 -19 1
78 -68 -45 -94 0
-85 0 -85 -8 0
42 -78 94 -83 0
-53 46 -12 -92 0
16 50 -27 -85 0
88 -55 -74 43 0
96 27 25 38 1
-16 75 74 17 1
-53 -31 -54 -74 0
-7 73 -93 -97 0
53 93 -72 -21 0
12 -29 -52 2 0
99 -3 -94 -18 0
-66 65 1 -1 1
-83 7 91 50 1
64 -82 -27 33 0
35 -78 -83 68 0
-19 -8 -38 60 1
23 76 56 53 1
57 56 90 -27 1
9 -27 -79 50 0
24 -96 -46 -88 0
93 40 48 41 1
-74 93 15 -3 1
-95 74 -65 4 0
53 -53 -100 49 0
35 -98 32 84 1
13 22 -66 -46 0
-78 49 30 -21 1
-48 -77 -6 73 1
-39 -82 -73 37 0
97 22 -77 -29 0
58 3 7 37 1
-80 -20 9 7 0
45 -56 45 -59 0
-91 -77 99 54 1
47 -33 84 -92 1
-54 100 30 23 1
-95 42 61 -32 1
4 -35 -49 -57 0
10 31 5 -48 0
-96 -74 58 64 1
74 23 -93 56 0
8 -86 85 26 1
59 -60 93 49 1
2 -69 34 56 1
-72 -83 -61 44 0
-42 -99 5 -47 0
-31 -45 -44 -1 0
64 59 4 25 1
-35 4 46 -70 0
-86 60 39 2 1
-22 -85 35 99 1
-26 90 -16 61 1
-82 70 55 -76 1
-31 95 57 58 1
-5 -66 -74 95 0
-77 100 52 34 1
-26 25 21 -1 1
71 10 -48 -55 0
46 -97 -37 86 1
91 67 33 75 1
50 7 -49 -51 0
-27 40 60 -21 1
-68 -65 -40 -38 0
-8 27 -18 72 1
79 -44 -92 77 0
-52 83 50 -38 1
-43 -66 83 -59 0
92 -57 -89 36 0
51 -44 -44 -45 0
10 -7 25 36 1
-79 20 71 37 1
-67 -55 -49 -29 0
-71 2 -34 70 1
-63 15 -30 48 1
-51 -62 69 25 1
-19 24 60 -53 1
-18 -73 -25 -28 0
-38 -13 68 48 1
34 69 -8 12 1
-25 -94 -20 59 0
73 99 64 -75 1
-71 26 27 74 1
-31 85 91 -28 1
-32 -67 65 29 1
51 -51 -88 -99 0
-29 -8 36 74 1
64 -52 84 69 1
-12 -36 -55 73 0
-85 -61 -98 -58 0
-89 11 96 -5 1
98 88 94 -43 1
70 73 10 -83 0
75 81 35 -25 1
54 -78 13 24 1
-24 99 -37 -19 0
-46 35 82 99 1
36 -16 -51 -89 0
24 78 54 -87 1
12 -56 40 -25 0
-81 62 -82 2 0
88 93 -69 -31 0
-49 36 60 22 1
-94 61 -100 22 0
31 -37 69 81 1
-53 -42 97 -56 1
23 -2 29 3 1
39 41 -88 -24 0
-83 87 69 -48 1
-11 -65 54 -45 0
90 81 -28 70 1
99 -87 36 -74 0
-17 75 15 85 1
58 82 15 84 1
-51 47 50 0 1
47 16 75 78 1
-27 -57 -82 -48 0
8 -95 -74 -85 0
59 -89 -98 83 0
70 24 40 99 1
50 -45 80 -33 1
7 30 10 53 1
9 -41 -94 41 0
10 21 21 -6 1
-54 29 -45 -21 0
79 100 8 -36 1
-57 -64 -41 -8 0
-58 71 -66 -31 0
-2 -66 93 -100 0
-37 1 30 27 1
-31 -43 21 29 1
-93 -61 62 8 1
-5 -22 84 -49 1
14 18 -79 -69 0
-52 -51 88 -39 1
-50 -68 -36 1 0
-80 100 25 71 1
97 68 12 24 1
53 19 98 -82 1
-31 -1 -47 -50 0
-80 -36 73 -5 1
-93 -20 -1 1 0
-19 90 83 -20 1
48 20 -65 63 1
-77 -43 38 49 1
-16 5 48 1 1
11 -18 -81 -26 0
-29 70 91 5 1
-7 79 15 -69 0
61 3 18 61 1
23 -71 36 63 1
34 -28 9 62 1
90 86 -50 2 1
-76 -39 53 -27 1
80 58 -57 55 1
-93 53 80 -48 1
8 94 82 58 1
-96 -28 12 -80 0
75 89 -30 -71 0
98 64 -67 -44 0
-89 -85 21 49 1
-9 -57 -18 38 0
-88 76 18 14 1
-98 34 -3 17 1
89 91 54 -58 1
31 -16 -13 27 1
-25 -96 81 71 1
-30 -26 -12 86 1
66 -26 -63 -25 0
-81 -53 -47 -40 0
74 57 -72 67 1
98 30 -91 -92 0
-92 -97 100 -73 0
-77 -73 -42 -74 0
55 -36 -35 50 1
-69 46 16 -75 0
-32 76 -24 78 1
28 72 21 17 1
23 -46 59 -96 0
3 5 -55 -8 0
-79 66 51 83 1
-70 71 43 -72 1
37 66 -23 -74 0
25 95 7 -61 1
-1 -76 -75 0 0
-27 -76 -83 -66 0
-37 -42 -79 -15 0
-77 9 -26 43 1
65 -6 34 61 1
-28 59 6 -71 0
26 65 -91 27 0
81 -19 -82 -28 0
28 61 -7 -2 1
-25 -19 -31 -89 0
-98 21 54 68 1
-75 -25 3 21 0
40 -16 60 -43 1
-46 -99 -47 -81 0
-22 -57 -17 77 1
64 -66 34 22 1
-79 65 -20 98 1
11 66 5 -23 1
85 -80 -99 76 0
74 -47 -70 -67 0
-29 79 -49 -54 0
16 -6 -15 -54 0
95 53 -59 -14 0
93 -1 -36 -65 0
-24 -78 -39 89 0
48 3 -54 -52 0
-8 -23 33 -82 0
-87 -30 -6 -31 0
-14 61 -32 -86 0
90 74 65 -57 1
98 -60 55 -57 0
31 -83 -53 76 0
75 -69 -85 -89 0
-59 -99 -78 2 0
-45 -95 7 95 1
-83 -51 12 -76 0
87 79 -19 -15 1
-42 -100 -18 -72 0
-85 0 -56 -5 0
93 -86 -68 -52 0
30 7 48 36 1
45 -46 -17 14 0
62 -28 -13 -14 0
-11 5 -37 20 0
75 -86 84 68 1
82 -20 -62 -75 0
85 -19 -37 14 0
65 93 -91 9 0
-41 29 -76 65 0
20 -76 -40 98 1
-63 -72 30 84 1
-71 -92 -82 -5 0
100 87 75 27 1
-20 33 72 -14 1
-64 -54 -87 13 0
43 12 100 -69 1
-55 -79 -20 62 0
37 37 -7 -70 0
-90 63 20 84 1
-54 -6 55 81 1
-32 85 -55 16 0
-90 72 51 -19 1
-61 89 82 3 1
54 17 85 -11 1
78 2 -77 -67 0
-70 -60 64 21 1
-20 20 26 -47 0
53 36 -71 -43 0
-21 11 -36 79 1
88 -45 39 -14 1
68 15 82 96 1
81 67 -44 10 1
-27 -33 27 50 1
-72 -12 -14 -96 0
-16 -16 90 -7 1
11 80 42 96 1
-13 -97 85 78 1
34 -26 16 -88 0
46 91 -12 -28 1
-72 22 50 84 1
-92 41 55 80 1
78 -85 37 78 1
-5 39 -27 36 1
75 29 -75 -46 0
-36 21 -4 -27 0
78 -41 -49 -38 0
92 14 -65 -11 0
68 -54 90 -71 1
-43 0 -45 48 0
-46 20 23 -36 0
-99 50 75 -82 1
14 -92 75 12 1
-79 74 43 78 1
35 51 -5 -79 0
3 42 -39 53 1
-18 -32 -3 91 1
-30 -67 50 8 1
-77 -13 -5 -86 0
69 37 -76 15 0
-33 -95 -37 -26 0
2 56 -5 -78 0
5 100 -15 58 1
-43 -8 -69 60 0
-59 20 -72 -32 0
-35 -2 50 98 1
5 -11 8 37 1
-14 2 69 -41 1
84 81 56 51 1
-96 25 -13 3 0
-83 -38 36 93 1
24 43 -31 35 1
9 94 55 -2 1
98 52 0 9 1
-88 81 -87 -7 0
57 -26 68 -73 1
-70 -2 52 94 1
-42 37 -37 -94 0
8 -95 71 15 1
2 -94 19 -42 0
-67 -90 42 -12 0
37 -78 68 30 1
-65 68 -26 60 1
79 50 49 -44 1
70 -27 14 71 1
-13 17 -46 26 0
9 85 -22 74 1
-68 37 -78 -45 0
0 17 75 -70 1
-92 10 -88 68 0
-64 -65 11 34 1
75 -75 78 -95 0
67 69 -40 21 1
91 71 53 77 1
-3 -42 -23 15 0
80 -55 -93 47 0
-49 79 62 -5 1
54 81 -32 -43 0
-11 14 48 92 1
83 -90 58 20 1
-72 40 17 -50 0
-92 -95 -31 -63 0
-53 -36 11 47 1
79 -74 41 52 1
6 -82 -27 -40 0
40 -73 -92 82 0
19 -33 -94 -19 0
-27 -83 5 99 1
-86 -15 -51 14 0
31 -7 21 -78 0
-85 -3 1 -19 0
-22 31 -43 44 1
96 20 79 12 1
-76 25 -88 -77 0
81 41 -56 50 1
83 -13 -14 -18 0
-76 -24 27 2 1
10 -89 41 -100 0
-37 -85 -38 12 0
4 -11 61 5 1
-10 7 39 -7 1
-45 -79 -12 -67 0
-91 73 63 -2 1
-63 6 7 89 1
17 7 94 -62 1
74 29 -7 -42 0
-32 74 -11 19 1
9 -59 20 -93 0
-33 22 67 35 1
-80 -12 52 -67 0
78 23 -27 -72 0
-22 58 73 56 1
91 -39 98 68 1
98 13 52 -51 1
83 -85 39 -54 0
-76 -18 -13 -2 0
-95 -22 -69 11 0
85 -61 27 20 1
82 -19 -38 -2 0
68 28 -81 2 0
55 -8 33 53 1
95 -94 -80 -90 0
-99 -61 21 -79 0
65 -89 82 -75 0
-32 28 1 -91 0
27 90 -85 -47 0
-49 17 67 -20 1
-76 66 71 -83 1
-56 81 -80 -91 0
59 35 -10 -45 0
-14 -96 -82 -17 0
-55 38 -5 34 1
15 5 -94 7 0
1 75 46 -85 1
-95 35 40 87 1
76 -81 3 60 1
-47 -32 78 -58 1
-39 -47 99 80 1
30 -77 1 40 1
8 -68 5 -4 0
95 -79 55 -10 1
-39 -97 18 -58 0
-47 -3 50 -56 0
48 35 -72 -19 0
-88 58 -54 -62 0
-35 89 18 95 1
-62 -69 -9 87 1
50 44 16 -59 0
13 -3 -65 20 0
60 -31 65 45 1
100 26 81 -17 1
-43 25 -92 41 0
-47 -92 -2 73 1
97 45 46 -35 1
-94 20 -89 69 0
36 -7 -10 -38 0
-81 -93 88 -21 1
-30 -3 -66 -60 0
-99 -22 52 -1 1
97 -37 -71 -36 0
-29 86 -53 -34 0
-58 -16 -6 -97 0
-21 -17 -23 61 1
-72 89 50 96 1
29 76 62 93 1
-18 -53 1 -82 0
62 17 -49 -63 0
-31 -51 97 96 1
76 -57 -99 -90 0
-81 -28 -74 -51 0
7 -2 95 38 1
19 30 -82 -69 0
-65 -52 -55 2 0
-95 -31 -41 -62 0
-28 76 98 30 1
-79 93 47 -10 1
51 9 19 -29 1
-75 53 36 -43 1
-11 -94 -2 67 1
55 72 12 -45 1
15 53 -65 75 1
-75 70 83 81 1
87 -60 -51 -23 0
-10 56 94 -32 1
-24 -56 -21 -1 0
-22 46 -79 61 0
56 -91 -83 -92 0
10 -16 -75 -61 0
-13 -95 22 -44 0
-30 -67 70 2 1
-72 38 69 9 1
-8 -94 -49 -87 0
42 -31 76 -18 1
-66 -56 22 -74 0
-51 31 61 -6 1
61 78 66 86 1
-23 25 -77 -27 0
-40 -55 73 45 1
-11 12 -30 21 0
10 28 -53 -5 0
11 -60 1 -52 0
95 -61 -32 -61 0
-94 -50 0 75 1
-11 -89 35 -71 0
83 74 -87 95 1
3 -81 45 68 1
37 100 -24 -27 1
4 33 21 -37 1
-64 -54 19 47 1
-37 -17 85 -93 0
-61 95 -20 38 1
-62 -25 -18 77 1
14 -16 -91 34 0
30 -39 79 -29 1
95 15 9 -61 0
42 33 -81 10 0
19 94 70 52 1
-68 2 -31 -57 0
83 -73 6 -100 0
-83 22 4 2 1
-21 54 -22 52 1
94 -11 -92 82 0
90 -9 -84 14 0
-81 -46 84 22 1
20 12 23 90 1
37 40 81 91 1
-19 -96 51 3 1
-42 61 -95 -9 0
-87 -40 72 -65 0
-22 -82 73 -44 0
19 -45 -21 89 1
75 -38 -84 6 0
-64 82 -36 6 0
-6 -60 4 73 1
38 52 46 -67 1
-59 -94 85 94 1
18 11 -20 58 1
14 -40 10 -37 0
-19 -69 87 49 1
89 -13 89 23 1
56 -89 -27 31 0
79 -27 47 -33 1
-68 12 -27 6 0
-86 -43 -53 -41 0
48 -3 -16 -93 0
38 100 -99 -8 0
-62 56 10 -31 0
-67 -32 -62 24 0
7 -54 -90 59 0
48 -93 -72 -78 0
38 33 25 90 1
-22 -34 -16 -94 0
-26 -56 14 20 1
32 -33 11 95 1
-8 -20 -21 23 0
47 -29 -26 -42 0
95 23 -64 -84 0
22 -71 8 65 1
76 -6 6 -85 0
99 2 70 -82 1
-77 80 90 -44 1
-94 70 77 8 1
84 89 87 21 1
-14 58 -70 71 1
-90 13 -47 93 1
3 -15 -46 73 1
-8 99 -15 -68 0
-22 78 -90 71 1
-92 84 40 86 1
-74 -95 -49 94 0
53 -9 -64 7 0
15 -45 16 85 1
81 62 11 25 1
-70 21 -24 92 1
47 -34 -24 -70 0
-77 93 -30 -87 0
52 -83 -47 -51 0
-61 79 46 14 1
-72 -23 72 -90 0
-1 -34 -37 -60 0
25 47 19 48 1
-4 75 24 28 1
-54 2 -88 -37 0
9 98 -81 10 0
-36 -25 -75 -85 0
64 9 7 69 1
26 -67 -22 -94 0
64 54 -73 -41 0
-25 59 -97 -87 0
-86 -37 18 -57 0
46 38 23 -42 1
-62 91 -36 -68 0
81 93 -22 89 1
-33 49 31 -90 0
-32 99 -86 87 1
62 7 -29 -54 0
0 47 -90 95 1
-77 -19 -6 -78 0
10 -97 24 -60 0
-92 49 88 74 1
-30 -22 -80 76 0
-24 89 47 -13 1
84 39 -50 14 0
-53 -89 -52 78 0
-19 71 -76 -87 0
15 -44 43 75 1
47 14 -62 23 0
91 -52 -16 50 1
-60 -63 -60 72 0
82 -6 36 19 1
90 74 -71 -27 0
-96 32 -68 -93 0
40 10 34 -80 0
57 -32 9 25 1
69 27 62 31 1
-38 -24 75 36 1
-54 56 8 -87 0
-8 53 -9 -71 0
-93 -98 32 89 1
21 79 94 -72 1
84 -16 96 84 1
-86 98 -7 -13 1
-34 82 -70 -33 0
-7 -80 82 -21 1
54 90 -43 -9 0
97 41 93 -87 1
-42 68 100 23 1
35 51 -25 -32 0
77 -34 88 89 1
-52 -54 20 -36 0
5 -25 -75 -91 0
95 71 -29 24 1
-90 44 94 -66 1
-49 -48 -39 -59 0
-89 58 80 80 1
-32 -69 64 50 1
2 81 -69 -76 0
-5 68 -94 23 0
-35 33 79 77 1
-97 -75 -95 26 0
-68 -89 -24 97 1
34 -21 85 -41 1
99 70 35 -44 1
-94 57 74 -89 1
-1 -99 -56 90 0
-82 75 -88 -2 0
-46 85 92 -73 1
-42 35 70 14 1
-29 75 -69 48 0
5 -52 -96 -98 0
7 57 38 53 1
31 -36 -43 -32 0
32 -3 -89 -71 0
91 -52 -1 -67 0
23 -73 -68 40 0
-88 -97 18 81 1
33 35 -4 -14 1
-9 59 -30 54 1
-93 -1 -71 -78 0
72 -52 0 74 1
-53 19 -49 36 0
15 -60 62 21 1
66 -73 14 -22 0
-63 -26 -1 61 1
-15 -44 -22 22 0
6 42 -50 18 0
-77 3 44 -37 1
-7 68 -95 83 1
57 24 -55 -85 0
1 87 -79 -93 0
-15 -81 -17 -33 0
13 -21 98 -94 1
94 49 95 79 1
-6 -69 15 3 0
5 -39 19 81 1
60 44 81 -29 1
-11 79 14 21 1
-91 36 67 -18 1
-90 41 59 -56 1
-4 -5 98 -34 1
68 89 72 -9 1
-60 38 80 97 1
38 -10 18 49 1
64 78 -80 84 1
27 1 84 85 1
46 46 -72 30 0
-51 -53 79 13 1
42 -92 90 -95 0
-32 -57 65 97 1
-54 96 -59 42 1
-84 81 -74 -43 0
-91 -52 -16 -10 0
-100 31 -34 -90 0
87 -98 98 88 1
-40 -5 56 84 1
-16 -94 -83 79 0
-80 -9 46 97 1
-51 -99 43 -20 0
41 -28 -58 1 0
-96 -70 66 20 1
98 15 77 71 1
-11 26 60 -58 1
-39 17 -35 92 1
88 -100 43 28 1
-74 29 -40 54 1
25 63 70 -9 1
88 -81 37 24 1
97 -53 90 30 1
39 13 -83 96 1
85 29 28 -97 0
-44 -34 98 92 1
-34 18 -66 -5 0
20 -40 27 -70 0
26 -83 -32 92 1
95 83 87 1 1
-97 3 -94 -84 0
20 -81 -17 -80 0
-35 -70 80 -5 1
67 55 60 -15 1
9 -64 29 -97 0
70 -80 7 -15 0
38 -36 36 4 1
80 -96 -97 -34 0
-98 -95 -50 81 0
-59 37 12 -90 0
95 -73 3 51 1
61 -16 -93 22 0
-14 -93 11 -54 0
10 -88 -81 19 0
-17 8 -78 94 1
-22 -32 -79 17 0
46 -4 13 -19 1
-91 86 -6 -96 0
72 61 43 94 1
89 68 44 -23 1
49 25 -25 -19 0
11 -43 -63 5 0
-98 20 98 -80 1
-80 89 2 33 1
-51 -31 17 -20 0
50 78 -61 96 1
67 -83 76 -5 1
-74 -71 39 27 1
-35 22 57 -54 1
-52 19 -49 27 0
-97 -19 -38 -96 0
-19 95 57 -51 1
13 47 -54 -18 0
-61 -26 25 100 1
26 68 -2 10 1
87 -95 -32 -64 0
24 -61 18 -15 0
64 74 95 73 1
-60 63 5 84 1
-70 70 -19 -9 0
-33 -74 39 -58 0
21 47 15 -15 1
31 0 -48 26 0
49 22 9 -19 1
-87 90 -35 18 1
-79 -25 -16 24 0
-89 35 56 43 1
1 -9 49 -75 0
-27 61 29 -8 1
20 -64 63 -57 0
95 56 -91 63 1
-94 43 18 34 1
-19 -15 25 53 1
-60 -93 -73 38 0
-59 -37 -10 -63 0
-4 -95 85 -43 1
-10 -57 -62 -12 0
32 -26 24 -47 0
75 60 -73 -11 0
-73 30 -38 89 1
42 7 93 -99 1
-92 22 3 -44 0
-46 55 -40 -43 0
36 -79 29 -39 0
-96 -83 31 -70 0
72 -50 -13 -20 0
27 -11 -9 -85 0
-76 -99 80 -90 0
-27 73 -27 29 1
-26 -59 6 -71 0
-24 92 87 -7 1
-34 -31 -84 -86 0
-90 32 90 -94 1
8 51 -15 -96 0
-45 4 -99 71 0
-59 76 -6 4 1
-23 -9 -61 69 0
-94 -60 -83 65 0
30 88 21 6 1
95 72 25 -58 1
24 10 -23 -97 0
69 -18 -15 1 0
87 41 -77 16 0
-22 -19 -12 -2 0
-86 32 20 -70 0
-8 81 -19 -67 0
-66 90 85 49 1
-19 96 -86 -4 0
-76 -4 90 -96 0
10 -100 -20 -66 0
-19 -1 21 -28 0
-7 41 -73 -27 0
77 81 65 81 1
-48 49 49 72 1
18 -57 63 4 1
-72 -12 54 32 1
-35 -75 -76 87 0
74 64 -18 -58 0
-85 -60 3 -100 0
40 -99 -52 88 0
61 25 67 -25 1
94 55 28 53 1
-64 -100 -20 -12 0
84 -77 -15 53 1
73 44 -41 47 1
-31 -88 -98 71 0
-51 -2 -37 62 1
33 -69 -45 68 0
-17 -62 86 -44 1
64 -37 -13 67 1
-27 -38 50 -18 1
-53 -51 -42 -3 0
19 -19 -8 -39 0
41 53 -66 -87 0
-67 26 -19 84 1
17 81 75 -48 1
6 0 -30 57 1
95 42 47 10 1
27 -65 63 91 1
-91 65 -7 -34 0
-22 35 -99 69 0
42 30 -16 -8 0
76 6 -30 16 1
98 11 -25 -78 0
-78 -78 13 -2 0
43 56 52 -46 1
79 -25 73 -59 1
-93 -63 -8 -93 0
81 60 25 28 1
62 14 1 26 1
57 98 -32 -91 0
35 -18 8 -6 1
-23 9 3 -66 0
11 5 73 48 1
43 -21 -15 71 1
-45 98 58 50 1
60 13 46 -90 0
-10 -74 57 -28 1
-92 62 -8 66 1
27 4 28 0 1
-74 42 22 -41 0
60 -49 0 85 1
-97 24 -69 42 0
-99 -68 24 13 0
39 -51 40 -34 0
-95 43 -77 25 0
-50 56 -86 81 0
-37 48 4 33 1
-49 -80 -40 -49 0
-35 65 84 50 1
-63 -80 83 -52 0
75 -59 -26 70 1
-86 -70 75 92 1
-2 -95 -42 79 0
-100 -33 -24 -11 0
59 -97 -29 -8 0
80 41 75 -87 1
86 90 42 68 1
88 50 92 10 1
55 31 -37 -72 0
-84 56 -47 15 0
49 -10 5 85 1
96 71 91 -24 1
80 -38 -15 62 1
34 -16 82 -44 1
-63 -85 26 -86 0
89 -2 -75 40 0
96 5 86 41 1
86 71 60 -18 1
-22 -62 25 -38 0
68 -61 87 -100 0
61 80 -92 -4 0
93 -84 51 -7 1
-93 -7 65 29 1
76 -44 69 10 1
3 -84 -58 85 0
25 64 -74 -68 0
-80 70 89 37 1
-82 64 -19 18 1
21 -81 100 90 1
-75 53 39 -65 0
77 0 25 43 1
79 -72 46 -6 1
-8 52 -31 -13 0
-10 -80 99 -34 1
-84 -9 -47 57 0
99 65 -62 38 1
-66 -16 -86 -70 0
-46 -11 66 87 1
-3 84 -81 -17 0
57 26 29 -47 1
100 32 65 79 1
2 -11 -63 -40 0
16 -77 21 13 1
83 -23 14 60 1
-80 24 -72 13 0
65 98 -36 -19 1
-20 -27 16 7 1
-34 29 29 3 1
48 26 -26 37 1
32 -55 -45 -13 0
-37 12 -28 19 0
44 -66 -55 58 0
36 63 86 88 1
82 -77 33 -1 1
20 -8 -64 -10 0
48 -34 32 25 1
-65 -49 -82 -82 0
-74 -42 -67 67 0
-17 -17 -96 42 0
1 -15 -95 42 0
98 -22 34 -26 1
45 9 94 -40 1
46 19 -52 -34 0
-28 -1 39 -59 0
-21 79 48 16 1
-14 -11 -29 8 0
-57 -85 -25 -77 0
70 -11 -4 17 1
46 73 63 61 1
-51 -56 89 -57 1
-66 -73 42 31 1
-28 93 -92 -21 0
-23 -46 -55 94 0
-48 100 25 86 1
40 20 46 -52 1
-9 -79 44 66 1
96 -5 -77 73 0
43 -83 8 24 1
-67 49 -76 -22 0
57 59 6 97 1
30 -48 -71 18 0
-69 -33 18 40 1
48 -62 -51 18 0
-56 -72 36 38 1
-19 61 -12 -43 0
-46 40 -98 -9 0
-72 -80 92 -60 0
-79 17 -77 -19 0
57 22 70 55 1
66 19 -91 -42 0
-66 -45 65 75 1
49 73 -69 -89 0
41 80 -85 -80 0
37 4 44 -62 1
68 -54 -17 20 0
44 -31 -82 -10 0
-4 -57 68 -43 1
-26 -30 -62 53 0
23 -27 -40 0 0
-29 47 -95 -94 0
55 53 -17 67 1
49 -24 52 -9 1
22 -38 -51 -49 0
-23 -87 -36 -24 0
47 83 -25 -40 0
-9 67 -45 -1 0
67 -42 75 72 1
23 -85 -13 -5 0
71 -46 -88 -97 0
4 -19 -89 2 0
-2 -40 -68 29 0
-37 -57 -77 -99 0
-38 -45 -50 62 0
-65 -36 -73 42 0
-6 37 39 -13 1
16 -9 -70 27 0
-5 -23 100 46 1
44 -32 42 39 1
-99 -41 -29 54 0
17 -59 -59 76 0
-32 -33 5 30 1
-78 -90 72 4 1
34 17 1 65 1
43 -19 2 -35 0
-95 -30 -22 54 0
36 100 -23 -76 0
-5 -52 -15 17 0
7 -36 -22 -68 0
-41 93 59 -15 1
-37 52 43 -36 1
21 51 -42 -29 0
2 -9 -17 68 1
69 -44 50 -57 0
88 -86 65 -4 1
68 61 -68 87 1
-5 -5 -72 75 0
90 -75 -13 61 1
62 65 45 8 1
14 54 -24 -8 0
5 -50 77 52 1
95 52 -71 96 1
-32 -52 4 -63 0
94 -14 -45 100 1
-55 -36 -41 97 1
-88 87 -82 -26 0
-73 30 15 -86 0
11 13 34 -40 1
32 94 94 -55 1
-27 26 -76 -21 0
-82 -86 -25 70 0
60 -23 42 -82 0
-70 -26 83 21 1
73 -57 10 -15 0
-16 -78 61 84 1
-3 -9 -4 25 1
-95 -80 25 37 1
1 -62 -83 -94 0
96 -6 -98 10 0
46 -44 -58 -69 0
-71 -48 -50 87 0
-8 0 -50 -15 0
-40 63 -20 -83 0
-73 -23 61 41 1
24 -95 69 -47 0
-12 8 -98 -37 0
-97 -39 92 -56 1
-20 -2 58 -16 1
2 77 -6 -14 1
83 -65 -36 28 0
92 -40 -28 -92 0
5 29 93 30 1
-85 49 74 -98 0
-20 54 -29 41 1
32 70 98 70 1
-3 -38 15 72 1
-45 -77 -25 -3 0
69 -86 -75 -86 0
8 20 59 -8 1
14 36 -78 24 0
10 31 -97 -55 0
20 67 4 29 1
96 -58 44 -84 0
61 -11 28 95 1
-100 -95 89 17 1
94 -16 -13 -51 0
38 55 -42 -58 0
-56 -62 40 38 1
-3 -68 43 -52 0
-53 58 -78 79 1
-51 68 40 80 1
19 -88 -72 -18 0
79 71 -57 -58 0
23 98 -46 -76 0
-96 -6 -40 -86 0
82 -50 43 3 1
76 40 52 -30 1
35 37 -24 -48 0
-83 65 83 -28 1
26 -79 -83 -32 0
57 65 53 100 1
-89 -13 -9 44 1
100 -80 -67 -75 0
-22 37 53 96 1
2 -3 -100 -60 0
-95 -76 -87 22 0
94 30 37 93 1
-61 -35 -18 54 1
69 -21 35 -97 0
11 21 68 64 1
-55 -68 -22 -55 0
-54 65 58 39 1
-16 18 69 52 1
-58 -60 -89 -67 0
-60 73 -49 -80 0
48 -24 45 -93 0
-31 -28 75 -65 1
78 19 24 89 1
10 71 -64 58 1
28 54 14 -5 1
-95 72 63 17 1
-30 52 -80 -80 0
-56 -80 -7 17 0
84 -36 75 -26 1
26 17 78 -73 1
-59 78 -93 100 1
-68 -67 -43 -75 0
-12 26 -17 -76 0
27 7 86 -69 1
-36 90 5 -33 1
13 65 69 18 1
76 8 -91 89 1
27 -47 -16 73 1
-76 -62 -65 24 0
-31 66 0 -31 0
-75 0 20 -85 0
-99 82 -67 99 1
-54 -10 84 -10 1
39 65 95 53 1
32 -36 -76 -94 0
32 60 7 -12 1
15 -16 77 -41 1
38 -16 -3 -33 0
42 6 96 -20 1
-97 -31 84 -96 0
15 -72 -99 36 0
4 -21 -37 88 1
37 -30 -13 22 0
-8 7 -81 48 0
-13 -60 79 22 1
79 3 2 7 1
-10 -79 -22 19 0
40 56 -54 62 1
6 -84 -59 -61 0
-15 36 -43 41 1
-71 64 73 -75 1
-86 3 -94 -5 0
26 -60 9 11 0
-68 61 70 -75 1
56 -23 63 63 1
-76 62 83 -19 1
-70 87 -6 28 1
44 -30 -76 -6 0
84 -9 -1 -69 0
-2 -29 52 -13 1
30 78 57 -63 1
0 -36 -19 46 1
-28 34 18 60 1
62 -90 -36 -17 0
-56 86 58 -29 1
-97 100 39 -97 0
18 -15 22 -76 0
0 91 -69 23 0
36 -19 -70 -62 0
63 -44 57 44 1
79 -58 59 63 1
-34 94 -34 16 1
87 4 76 -15 1
62 4 -10 -9 0
39 47 78 -64 1
7 11 16 -68 0
-65 17 -72 85 0
77 22 77 -58 1
67 80 -21 -73 0
-66 91 -26 -21 0
-84 -1 -69 -54 0
71 -31 -34 -98 0
47 58 21 -63 1
68 -99 3 81 1
-96 -66 -79 79 0
80 -91 -81 13 0
-5 -32 -95 -9 0
2 81 -22 5 1
-28 96 -59 57 1
76 55 -34 0 1
-9 81 75 23 1
-31 23 44 78 1
70 28 -24 -93 0
-10 44 84 -4 1
-42 -85 85 71 1
25 -12 -88 5 0
36 56 39 60 1
-23 -18 -23 -94 0
-21 22 49 69 1
-80 45 -31 -68 0
51 -54 -74 40 0
40 -97 -68 -88 0
-67 -72 41 24 1
-24 -69 8 91 1
-13 -8 -58 -98 0
3 10 68 93 1
79 -39 1 83 1
-14 99 24 87 1
64 -46 -13 28 1
-77 95 35 48 1
14 50 14 2 1
-6 -73 71 23 1
-35 -73 -30 67 0
-48 33 -18 -28 0
2 48 -11 -2 1
43 -100 -68 80 0
95 18 -53 25 0
-80 72 -86 0 0
65 59 35 -11 1
94 55 -28 -71 0
38 29 -25 -36 0
-61 -21 -86 -6 0
-91 -100 70 19 1
89 39 48 66 1
-69 43 -100 62 0
-52 51 99 90 1
90 -63 -12 56 1
78 -26 10 -23 0
-8 -62 -94 100 0
66 23 -64 -71 0
87 24 40 -21 1
37 64 53 -87 1
77 -30 14 1 1
58 77 -81 -72 0
23 -60 -4 -3 0
-45 -63 -84 -71 0
51 80 48 -13 1
-99 71 -76 57 0
62 9 14 98 1
-2 -4 31 14 1
-19 100 -56 -42 0
-20 -10 -53 -85 0
30 54 86 -78 1
-24 44 49 47 1
33 77 -81 -65 0
83 -81 -94 -17 0
-70 13 -8 27 1
35 -91 -39 -6 0
22 22 45 35 1
-49 77 -36 -14 0
-71 -45 16 77 1
81 57 -88 -12 0
74 -52 74 44 1
22 20 37 -8 1
-80 -4 -85 66 0
8 -88 14 -21 0
39 -25 57 47 1
3 -10 -90 -40 0
92 -23 -49 -77 0
6 22 28 36 1
-62 23 -5 55 1
-7 73 15 -87 0
53 33 36 -82 0
-62 -53 -39 -41 0
62 71 -80 -65 0
-58 -70 11 88 1
-63 -49 -77 -47 0
61 82 92 16 1
-43 48 86 17 1
-11 -21 96 36 1
-47 30 65 -54 1
-11 72 -50 65 1
91 81 55 31 1
99 38 -19 -94 0
-61 -47 28 31 1
15 43 26 -20 1
28 -68 -100 39 0
87 -73 -51 79 0
-83 -17 72 17 1
-24 37 24 19 1
23 53 56 95 1
-5 -14 -7 -4 0
-62 -71 -50 11 0
58 5 -86 3 0
-63 32 5 -41 0
-80 51 -84 -48 0
-78 -94 -76 -73 0
-13 -58 34 57 1
33 9 -29 -100 0
86 -26 -56 26 0
-29 73 63 -99 1
36 -73 7 -71 0
-62 -85 -57 -57 0
-41 -88 -88 70 0
-80 67 76 -64 1
-61 95 -46 30 1
38 49 -63 56 1
58 -65 -80 2 0
79 -20 -69 -100 0
-84 -78 -57 -18 0
14 26 -70 21 0
-35 -62 -62 -17 0
6 -47 55 87 1
-86 -54 13 -47 0
25 77 -83 49 0
97 -83 31 -65 0
83 42 15 -56 1
-64 -96 -34 20 0
7 -57 -30 -66 0
-69 -34 5 -2 0
69 -64 61 -43 1
93 -50 -76 -41 0
0 -100 95 -2 1
-36 34 -32 53 1
-70 -77 -19 -6 0
63 -42 -61 26 0
50 -80 82 56 1
73 87 -38 76 1
-33 15 21 -85 0
-16 -93 13 52 1
-28 18 81 -84 1
86 27 100 88 1
-65 65 -27 55 1
93 -40 41 -70 0
57 88 -78 18 0
90 -37 72 -36 1
17 -76 -61 -58 0
76 76 -2 67 1
-82 -87 17 25 0
-73 79 52 -1 1
-77 14 -44 46 0
65 -83 84 72 1
42 14 23 -44 1
-44 -39 99 -1 1
100 34 -62 -45 0
37 71 -94 59 0
-38 98 47 -56 1
-57 -45 58 26 1
-94 34 44 2 1
90 79 -36 31 1
-87 -21 -70 -21 0
-88 27 -7 -58 0
77 -86 31 -42 0
-51 38 -43 84 1
-33 -87 35 11 1
-84 -71 -30 -47 0
-6 -57 29 36 1
53 90 -41 33 1
50 -49 33 14 1
0 49 -80 33 0
26 -17 -86 -54 0
-25 -54 35 33 1
46 -80 36 -83 0
-43 -65 81 -5 1
-4 -82 -4 93 1
27 -48 87 -44 1
45 -61 -69 70 0
35 -6 -32 -34 0
-41 93 -62 28 0
-88 23 81 74 1
-67 67 8 -87 0
-93 29 62 -81 0
-29 50 -69 62 1
-61 37 -6 35 1
-77 3 23 -66 0
-62 -27 99 0 1
-77 0 28 71 1
68 88 -62 -22 0
65 -49 -26 92 1
77 51 -23 -71 0
57 57 14 -31 1
-41 47 28 29 1
-65 -13 10 90 1
-72 41 -96 -55 0
-10 4 -69 -9 0
-57 -50 40 69 1
86 88 -46 -19 0
-18 -13 -94 -40 0
-71 -40 0 -56 0
-54 -82 -9 -66 0
3 88 61 30 1
-29 92 56 -82 1
43 -11 55 -7 1
55 10 -93 5 0
70 -64 -18 -67 0
-31 -40 -29 -19 0
34 -100 -89 -44 0
-92 26 -49 -19 0
65 -64 -62 -33 0
92 -95 49 -48 0
86 -24 70 34 1
-100 -12 -88 -45 0
-37 -41 16 -66 0
-14 78 -43 -22 0
-68 91 -76 -69 0
-24 -33 -10 -52 0
-13 -42 92 -90 0
-71 61 55 -79 1
-6 -21 21 100 1
51 63 -46 79 1
78 -76 -74 -72 0
-22 23 74 -62 1
95 43 -77 89 1
-6 45 -42 66 1
79 -20 -53 -90 0
33 94 -86 -48 0
92 -71 48 97 1
-97 -95 50 -33 0
-88 8 -100 60 0
-62 24 96 16 1
-60 26 -32 38 1
-71 44 -84 -16 0
37 49 26 -18 1
-22 19 83 -73 1
27 69 -65 91 1
-17 -42 -90 -47 0
92 50 71 26 1
100 -7 56 80 1
28 93 -19 -88 0
-56 79 5 -90 0
88 5 72 47 1
-39 78 86 17 1
-40 22 8 47 1
-87 -22 -31 86 1
16 71 24 -3 1
-64 8 16 58 1
84 -100 57 15 1
5 -3 -89 -51 0
-58 -95 37 55 1
74 71 -85 91 1
63 -90 35 -86 0
-20 63 38 34 1
-73 50 -50 40 0
27 85 -66 -12 0
-58 10 77 48 1
53 -84 74 92 1
-15 4 56 97 1
-4 -24 -42 54 0
83 32 97 -16 1
96 -82 56 4 1
87 -8 -35 -98 0
-7 75 6 -36 1
-29 13 97 55 1
94 92 32 -25 1
70 59 -16 68 1
-95 0 95 -77 1
57 16 -7 -66 0
89 -62 79 -45 1
-4 -29 -20 4 0
-75 74 -51 76 1
42 -32 90 32 1
55 72 -32 34 1
70 52 -44 -48 0
-53 -52 19 59 1
-76 2 82 32 1
66 86 -41 57 1
22 -38 0 31 1
30 29 78 42 1
57 89 52 51 1
-60 32 42 -36 1
-73 30 70 16 1
-21 47 95 5 1
52 5 18 -62 0
8 39 28 -51 1
9 13 -68 33 0
25 82 -100 86 1
-73 -49 22 90 1
10 -39 7 -6 0
-24 87 -62 74 1
-69 78 -63 -61 0
8 15 13 28 1
77 28 1 88 1
7 -74 5 92 1
-53 -48 -64 -43 0
-1 54 -45 -43 0
49 10 26 97 1
-1 -46 -16 49 1
-16 15 68 19 1
-86 -31 46 62 1
-76 -86 -85 51 0
5 -35 90 -69 1
28 -56 82 -33 1
-35 4 -60 23 0
-76 -5 -73 -62 0
-51 54 40 -15 1
-43 51 69 61 1
56 72 -25 -97 0
30 79 -9 -13 1
-34 -35 92 82 1
8 91 -75 57 1
-3 -45 50 95 1
68 -38 -74 82 0
80 27 -19 24 1
67 87 69 -87 1
86 88 -47 33 1
-9 -6 -11 -1 0
91 85 12 62 1
99 11 57 -53 1
72 56 -99 28 0
77 -92 -57 64 0
-68 12 19 28 1
-41 -58 -100 -54 0
-68 65 6 24 1
1 51 -80 36 0
69 42 92 -20 1
79 -85 39 76 1
39 -33 -2 -44 0
18 95 -24 -16 1
62 -55 43 -83 0
-42 -77 -23 -1 0
-67 -43 -27 99 1
81 -67 -68 -85 0
-97 -73 65 10 1
-51 -53 21 -98 0
82 -89 14 -88 0
7 -36 -89 -85 0
67 -18 82 -39 1
-44 12 8 76 1
-69 -36 -65 -19 0
-65 -54 -10 3 0
-10 -24 65 -17 1
-30 -10 -46 -33 0
54 30 -59 -32 0
-26 15 -1 -69 0
100 -62 -81 44 0
-17 -1 -85 -36 0
88 -30 -86 66 0
-82 -48 -75 -9 0
69 8 -42 -62 0
23 76 -59 82 1
-25 -15 29 37 1
-14 40 76 81 1
-31 -44 87 -8 1
-71 30 25 -70 0
-66 -42 -24 -15 0
-20 -13 -20 -15 0
-11 -81 51 44 1
8 60 -35 -10 0
-87 -70 63 -56 0
-69 69 84 -99 1
43 59 26 -34 1
-100 -100 -90 -84 0
-89 88 -78 -37 0
-31 -33 10 -81 0
-30 -49 45 -45 0
44 53 82 69 1
8 52 -90 14 0
6 -74 -45 0 0
24 12 28 -97 0
90 -2 -72 38 0
-19 -28 89 49 1
75 -9 -22 52 1
-18 -66 19 11 0
-8 -36 66 -55 1
-64 -99 -60 8 0
-5 7 13 -4 1
52 92 57 90 1
8 72 -34 -82 0
100 -96 -81 37 0
-7 -36 -62 -78 0
53 -73 45 89 1
86 -11 18 18 1
7 98 -32 58 1
36 -40 43 -81 0
44 -8 -90 86 0
57 67 13 15 1
-57 86 34 6 1
-94 79 -59 66 1
48 13 -73 -1 0
-86 14 44 -40 1
-86 61 -47 48 1
-20 -46 -6 -58 0
42 14 49 -93 0
85 -50 85 61 1
-91 -99 100 33 1
10 -56 55 50 1
-97 -41 75 -44 1
-49 -32 -50 36 0
0 63 -47 -83 0
18 -41 -34 -29 0
54 -100 -4 -92 0
-37 86 -29 86 1
-8 11 -73 -23 0
48 91 1 45 1
12 -12 -32 -88 0
-89 -90 -44 -23 0
-42 -89 60 -40 0
67 97 15 61 1
89 -3 61 -94 0
58 -9 42 -3 1
-13 95 -31 -87 0
59 -31 -48 -19 0
2 15 -12 -14 0
85 -83 23 90 1
-32 7 73 82 1
91 -30 87 34 1
-56 -70 -48 50 0
-78 70 -47 -51 0
-10 68 -23 -92 0
-53 40 51 14 1
-63 -91 -67 -8 0
38 30 42 -10 1
-97 -81 91 -45 1
-26 -50 52 84 1
15 70 32 -97 0
96 -91 5 63 1
6 24 31 98 1
-22 -76 -31 -60 0
-28 68 42 -92 0
12 -65 49 31 1
66 97 25 -100 0
-52 49 -53 -4 0
-52 84 35 51 1
32 -70 13 41 1
78 -97 86 96 1
70 53 -18 -72 0
-20 -51 77 42 1
7 0 3 -3 1
-38 -11 82 16 1
-21 71 14 71 1
-59 58 86 -31 1
48 57 -43 -50 0
-24 2 -75 -94 0
62 -63 70 2 1
-52 82 78 -5 1
98 9 -92 87 1
25 58 66 21 1
57 -6 -98 26 0
22 85 -18 -45 0
-68 -16 65 -35 1
66 -87 19 -31 0
31 69 -95 58 0
32 0 22 -49 0
2 29 -89 78 0
20 -17 -21 -36 0
81 -62 -12 53 1
6 15 44 -2 1
57 81 -12 84 1
53 -86 -8 -17 0
91 36 26 -17 1
60 50 -84 -59 0
59 96 -80 10 0
-23 -38 -84 -68 0
98 25 -91 -80 0
56 -21 -85 8 0
-88 -5 -56 -54 0
19 -45 -23 -18 0
32 -31 58 -92 0
30 61 -66 -21 0
-66 -4 -97 -42 0
80 -43 95 -15 1
-45 -64 89 86 1
-30 -15 21 -86 0
17 -86 -6 -41 0
8 -2 -4 -4 0
-46 -77 -30 6 0
-45 -52 50 -14 1
82 -4 29 -16 1
48 41 -38 98 1
1 -38 76 -66 1
-66 -49 38 -15 0
-6 70 29 -94 0
56 -24 76 -41 1
78 91 -25 80 1
17 -24 -52 33 0
-54 -16 -85 -84 0
15 -36 53 3 1
0 4 91 -63 1
11 -71 69 -25 1
69 -10 34 8 1
-71 -18 -25 77 1
36 6 73 76 1
60 54 -85 78 1
28 -27 4 35 1
28 60 42 -50 1
-29 -2 -76 -66 0
44 -90 -46 -91 0
39 48 90 -81 1
73 -16 -78 -7 0
-13 -37 76 98 1
17 78 83 -31 1
42 -25 -74 -62 0
63 -55 65 -67 0
55 -57 -38 -12 0
-57 -64 4 -55 0
60 30 -98 -77 0
-15 35 -2 -33 0
86 98 56 -60 1
76 -48 93 41 1
100 -70 -44 -51 0
-8 -4 -73 -11 0
64 39 -18 -43 0
-30 65 -57 -100 0
5 97 -10 -64 0
41 -86 -49 -61 0
-40 46 21 68 1
33 18 -92 -86 0
7 79 9 5 1
88 44 6 -82 0
-54 -64 -7 93 1
-51 -65 -13 96 1
-35 -79 79 -69 0
-1 34 -98 43 0
87 86 -61 48 1
-68 62 98 -41 1
82 37 -57 -87 0
20 -16 -23 41 1
22 -63 -22 3 0
-73 -81 0 -79 0
-94 -1 -34 -62 0
-81 -96 66 -23 0
26 74 65 -75 1
-87 88 -63 -58 0
5 -96 -10 85 1
-22 -22 -58 53 0
-6 76 -64 39 1
82 -42 -78 -35 0
7 16 54 44 1
-31 38 -79 63 0
-40 85 -83 -23 0
47 -15 -32 -12 0
-13 29 35 -58 0
-26 -99 -78 -50 0
99 37 -56 23 0
-54 47 3 97 1
-10 -92 -43 -56 0
-15 45 33 -4 1
-63 55 -39 -40 0
88 86 84 98 1
-25 55 16 -96 0
-84 23 3 -28 0
39 69 -58 90 1
-88 25 -64 -78 0
22 24 71 24 1
-38 27 -27 20 0
23 -24 80 -45 1
43 31 -5 -42 0
-53 89 39 60 1
6 53 43 -35 1
-7 -84 -71 -44 0
0 -7 92 -39 1
-61 -14 -98 1 0
76 -81 99 42 1
58 31 -26 20 1
-78 -53 -46 76 0
27 -27 -67 13 0
36 57 -8 77 1
4 82 72 24 1
46 -98 38 -30 0
56 -47 44 -15 1
-14 -39 28 100 1
13 -34 87 -91 0
-65 -23 6 86 1
-8 72 49 -100 0
100 -66 86 -12 1
-49 -26 9 40 1
-95 69 16 -28 1
94 19 6 54 1
-18 -63 -58 45 0
4 43 28 5 1
10 19 63 42 1
25 -68 -68 -42 0
49 50 -90 -79 0
19 29 69 100 1
-97 18 -85 -76 0
57 92 28 83 1
91 -67 35 55 1
-10 -48 -47 -49 0
-11 -91 -43 82 0
76 57 -10 37 1
76 57 16 71 1
38 66 86 50 1
-84 1 72 55 1
-90 9 67 -55 1
72 69 -7 23 1
33 30 -52 -82 0
2 -5 -52 -45 0
89 36 66 -81 1
-13 33 90 -72 1
19 -67 93 -42 1
-33 77 -16 34 1
71 7 -40 55 1
46 -7 77 29 1
-25 82 73 19 1
-89 56 55 83 1
-78 54 17 63 1
10 -14 -12 -23 0
-29 -23 -86 -73 0
-29 -15 16 99 1
52 -53 22 25 1
15 -63 76 -42 1
-48 35 -99 71 0
21 31 3 -69 0
-80 -84 -24 -41 0
49 -30 19 -91 0
-62 -26 -52 -70 0
52 69 -50 -28 0
-61 22 93 15 1
88 -63 61 -68 0
-23 32 -1 -51 0
-71 29 90 -47 1
-90 98 -10 -59 0
-70 16 33 -77 0
91 60 -31 52 1
-75 35 45 -48 1
33 -57 61 72 1
65 48 29 -88 0
-63 7 74 6 1
-36 63 78 42 1
-11 -56 -54 33 0
-39 -72 76 99 1
-59 68 -75 -36 0
-14 -57 -62 -75 0
27 -44 72 -99 0
94 82 38 9 1
82 -57 -87 -99 0
-63 2 78 21 1
4 -60 54 -11 1
-43 90 34 43 1
-42 -54 -6 35 0
-73 -26 86 64 1
53 -22 20 69 1
83 2 -69 21 0
-17 -90 83 53 1
66 100 66 36 1
-8 -48 -33 -28 0
-8 70 5 90 1
42 -83 45 38 1
96 27 -68 2 0
84 -23 57 90 1
-89 65 -1 -97 0
-34 22 -83 93 0
-46 -99 79 -89 0
57 30 -76 83 1
56 -71 72 96 1
-39 -70 -76 67 0
-7 -80 16 -14 0
51 -89 80 -7 1
40 61 -97 -29 0
-42 71 1 40 1
-76 -85 17 50 1
-3 22 -20 8 0
25 92 18 96 1
-94 78 21 58 1
-84 -19 57 9 1
-24 -26 45 82 1
-60 -73 -66 86 0
-86 -92 -48 -56 0
46 99 94 -79 1
2 39 50 88 1
67 -67 83 -13 1
-86 89 71 67 1
93 -8 76 -38 1
14 43 -5 56 1
-92 0 8 -85 0
-18 5 87 -36 1
-36 -45 77 -39 1
93 -26 38 63 1
-98 -99 70 12 1
16 95 7 -64 0
-87 63 -85 78 0
10 3 94 73 1
-59 -96 8 43 0
8 -58 -14 48 1
26 17 -54 -40 0
-50 94 99 76 1
46 -23 -35 -49 0
16 -4 95 0 1
76 -71 -33 -31 0
55 38 -48 -94 0
-88 -35 -33 91 1
-92 0 39 4 1
-66 -97 61 47 1
31 -7 -74 3 0
-31 50 -23 59 1
-62 33 77 37 1
-7 8 84 89 1
36 78 44 49 1
7 70 97 31 1
-41 -12 -89 21 0
69 -65 -74 15 0
76 30 34 -51 1
11 -89 -58 -79 0
26 -79 -20 -92 0
3 92 -89 63 1
-10 -68 -3 7 0
47 -47 -44 89 1
85 -34 -8 -68 0
-93 43 7 -5 1
72 -52 100 64 1
0 54 -45 -63 0
78 8 62 -90 1
-16 -85 7 -55 0
21 70 -77 88 1
74 -89 49 -90 0
93 -33 -49 21 0
-64 -51 24 96 1
100 -33 -1 -21 0
-48 -6 68 27 1
-19 -67 -82 27 0
-33 -79 84 -49 1
-87 31 -71 74 0
73 -31 -92 74 0
76 92 -34 -39 0
37 -89 -37 -69 0
50 -67 91 75 1
-16 -14 -9 -27 0
47 85 83 -48 1
16 14 98 -49 1
-65 -20 -67 33 0
88 41 -89 7 0
71 97 -34 90 1
19 44 -100 -87 0
-52 50 61 -100 0
-27 53 4 -43 0
-42 94 -86 18 0
-42 56 94 50 1
100 -65 55 -2 1
-43 35 57 38 1
-7 -29 35 -35 0
53 41 92 -59 1
72 47 -33 21 1
67 17 -35 -19 0
-41 6 -95 -34 0
-25 -37 97 32 1
-55 27 -68 -48 0
76 -14 -32 49 1
59 -4 -39 58 1
-18 -25 82 14 1
-89 -18 13 12 1
-82 95 57 -67 1
73 20 -58 -44 0
-65 73 75 -98 1
31 -42 31 66 1
-84 -5 41 -89 0
-18 -26 9 -12 0
12 48 94 -19 1
-26 56 1 32 1
83 72 -88 94 1
-5 68 -37 16 1
-41 45 -28 -2 0
58 100 42 -75 1
-87 69 -78 0 0
-19 96 -100 -78 0
64 -3 39 24 1
-48 18 32 -29 1
94 -24 43 -76 0
-98 -3 12 -65 0
-86 -51 81 11 1
76 -29 -26 -39 0
59 -83 -41 44 0
-12 -14 72 -26 1
-79 -45 -36 98 1
-42 76 79 -20 1
79 89 -93 97 1
29 -100 97 -89 0
99 12 -34 -49 0
-37 -19 -3 75 1
-45 -49 -21 61 1
-48 7 -78 17 0
42 -96 -5 -62 0
73 -3 -29 25 1
96 2 21 -58 0
57 -41 37 80 1
-47 5 -94 4 0
3 50 14 -84 0
-8 -85 -62 37 0
56 -48 41 -29 1
-45 -46 -57 86 0
7 82 6 13 1
22 23 18 -35 1
1 -50 -10 -52 0
72 57 62 -3 1
9 -84 -7 28 0
-97 -49 39 1 1
97 -4 8 63 1
23 1 -31 -60 0
78 -26 15 91 1
-2 53 65 -73 1
97 -25 2 -18 0
87 -85 18 -10 0
-90 -88 -20 -1 0
-6 -55 28 32 1
28 -24 78 81 1
27 -28 60 -69 0
25 -85 -61 -50 0
23 41 -84 -93 0
-81 -62 90 -49 1
33 -11 -14 -32 0
-70 -69 -12 34 0
32 -35 -27 96 1
96 28 -78 40 0
46 -1 -86 9 0
-55 -62 -91 15 0
-59 76 -33 -87 0
-22 -45 35 85 1
-75 85 -85 22 0
-100 64 -33 4 0
63 -95 -70 16 0
5 95 7 78 1
85 -21 -22 -51 0
-57 -45 -36 47 0
-73 15 86 -60 1
41 -80 -77 45 0
19 -67 -82 -64 0
-42 5 -6 -98 0
-65 -64 -45 47 0
36 -77 -57 30 0
35 -80 -93 20 0
27 84 76 38 1
-46 -20 92 95 1
-61 59 -36 -38 0
6 4 -57 -53 0
65 -24 48 70 1
-4 -6 85 69 1
-16 -26 -93 -25 0
-31 -94 5 -58 0
8 -64 -32 -57 0
76 32 25 -63 1
-31 -28 -22 -14 0
85 39 -64 -53 0
-48 -61 -36 -31 0
-21 17 -13 -82 0
21 17 82 -91 1
50 -59 45 44 1
22 -15 -57 78 1
83 -67 -15 -26 0
77 -21 12 52 1
-69 -64 -80 80 0
-37 25 80 86 1
-1 -94 -57 -17 0
-69 -98 -76 -57 0
90 -35 57 -70 1
54 33 84 36 1
20 6 -43 26 0
6 -5 76 -13 1
68 41 -34 72 1
81 45 -31 -39 0
85 74 -12 -81 0
32 3 -100 92 0
20 -7 -12 37 1
39 88 -35 -89 0
-95 41 -97 -4 0
-96 0 64 93 1
61 -9 -44 18 0
7 19 -57 -79 0
-60 -78 -1 -16 0
83 -85 94 -18 1
-27 -46 77 84 1
-75 35 38 -13 1
66 -32 -48 -84 0
-68 99 10 -3 1
-69 -2 56 9 1
86 73 -20 35 1
82 -75 -13 -94 0
-70 39 13 -77 0
-29 -36 23 -26 0
-94 -17 -33 31 0
65 1 -29 100 1
-56 12 -96 97 0
39 47 -68 -59 0
-55 98 -2 -35 1
-70 -53 24 17 1
-3 93 61 -35 1
74 -82 85 -77 0
-37 -84 -93 -2 0
6 -66 62 -96 0
-8 89 -60 11 0
-20 22 -80 -27 0
-41 -63 -65 -6 0
-63 78 -63 45 0
11 78 76 85 1
-47 -65 -51 -86 0
-60 33 66 -8 1
-10 -35 87 17 1
-11 -90 -31 -38 0
2 -44 -35 12 0
87 6 -55 -96 0
62 -65 -52 -21 0
69 76 95 15 1
-30 24 -17 -34 0
28 -27 -19 -79 0
-29 77 39 -16 1
39 90 -37 -21 0
18 -81 2 -81 0
-67 11 27 48 1
9 70 35 -66 1
41 11 11 51 1
-9 -65 77 -30 1
26 14 -21 96 1
34 -29 93 -32 1
0 -57 -53 -48 0
58 -25 50 31 1
31 77 50 -34 1
-63 46 23 84 1
87 -33 -61 32 0
-24 -48 -51 -4 0
-18 20 87 63 1
-30 -8 -13 52 1
-9 46 44 21 1
64 -52 76 91 1
29 80 -86 -73 0
-87 18 78 -23 1
-74 48 42 45 1
-15 60 -12 2 1
99 -28 -54 -14 0
-87 9 75 -70 1
30 -75 4 16 0
23 -23 -61 -6 0
73 -36 -65 -54 0
31 73 -23 24 1
-91 -77 100 -55 1
11 86 -84 88 1
-63 2 -55 17 0
62 -93 22 -30 0
7 -27 -73 -93 0
-12 43 -69 90 1
-11 -27 74 67 1
-37 -70 -71 47 0
61 -22 99 1 1
-84 26 18 -25 0
-72 34 51 91 1
10 68 -65 -8 0
-49 45 78 78 1
57 -24 -15 -95 0
-58 32 70 -76 1
-93 53 67 -22 1
-56 45 -33 57 1
-46 -55 -3 -40 0
-16 50 78 -54 1
84 30 7 72 1
-54 -82 -98 -99 0
-42 -18 92 13 1
-85 -86 -19 -50 0
88 -55 -90 96 0
4 -90 82 18 1
83 80 -52 82 1
-68 -25 -56 27 0
29 100 -30 90 1
-65 -23 56 6 1
91 -73 26 -78 0
6 38 -43 51 1
7 -43 -70 -54 0
31 -94 31 -20 0
-65 21 -58 3 0
5 11 -10 26 1
0 72 42 1 1
-87 90 55 55 1
11 77 -71 78 1
77 -58 -51 6 0
-3 51 83 -14 1
57 30 -76 37 0
60 77 59 -36 1
86 97 45 -40 1
-1 10 16 80 1
30 -72 78 -57 1
42 -20 -28 -53 0
91 99 14 -77 1
-92 -47 -80 22 0
17 58 -5 49 1
58 95 50 41 1
7 94 -72 80 1
-7 -66 53 -15 1
81 -29 -98 11 0
-20 -84 -70 -65 0
29 69 -10 76 1
85 20 -58 -58 0
42 20 92 73 1
-56 81 -73 -87 0
61 -37 -5 -63 0
-82 -10 21 -33 0
-93 81 39 36 1
96 -56 -76 -72 0
-48 -86 -57 100 0
-91 78 10 -98 0
91 6 -7 57 1
20 -27 -4 97 1
0 53 -58 29 0
-41 5 -22 28 0
-85 19 41 -20 1
-33 2 81 -89 1
-20 85 13 0 1
90 -73 93 94 1
93 29 64 62 1
97 1 -90 16 0
-28 -81 -78 -26 0
-20 87 -46 20 1
75 99 57 100 1
-10 92 97 -14 1
69 -2 3 -42 0
7 -18 -57 -56 0
17 -14 -39 20 0
-12 35 -78 -58 0
-24 64 -3 6 1
71 -40 -34 100 1
24 25 91 -56 1
-89 -42 96 -43 1
49 81 -94 3 0
-75 -65 -80 -49 0
19 -90 -71 -68 0
32 -16 -70 74 0
-86 24 -46 -49 0
-18 -6 24 -67 0
25 70 -47 76 1
-96 90 50 99 1
-26 -52 -36 95 1
-13 -88 -51 60 0
-18 -44 -75 -69 0
-70 -76 18 11 0
-52 36 -53 18 0
-99 -3 38 22 1
-65 -57 6 35 0
26 -31 -86 52 0
-80 -58 33 75 1
-39 63 92 -85 1
98 -6 18 18 1
-87 -92 -48 65 0
-72 -7 43 10 1
56 45 64 -84 1
23 78 32 7 1
38 -69 -89 -8 0
54 -17 -97 1 0
-33 4 -22 -86 0
68 -76 32 48 1
-77 14 12 73 1
-93 -76 -98 16 0
-59 99 -50 -93 0
-96 -69 75 55 1
-89 -29 -99 73 0
-45 -14 -79 -70 0
17 4 -73 56 0
88 -53 -16 93 1
80 -23 -31 77 1
-58 -44 -90 -90 0
77 84 -58 25 1
68 -49 -96 -48 0
-10 68 -78 34 0
76 91 98 -94 1
9 25 -61 -48 0
95 -34 -45 -95 0
-95 -25 56 -14 1
50 58 65 18 1
10 -85 -76 54 0
1 61 49 -50 1
-30 -81 -91 8 0
39 -73 52 6 1
-44 -68 24 -55 0
11 3 -16 -66 0
95 38 100 97 1
47 83 94 81 1
-45 36 89 -41 1
76 72 -55 70 1
-51 -95 -88 -65 0
-42 76 7 -77 0
89 -19 -28 -80 0
0 -51 17 70 1
-90 -65 -35 -91 0
74 -30 -86 99 0
-14 33 -29 -99 0
99 65 -64 38 1
-98 7 53 11 1
-56 14 -29 62 1
88 -91 -87 -63 0
18 81 89 -15 1
47 22 -89 -11 0
35 -2 78 -74 1
-7 37 82 78 1
-90 -23 -48 80 0
77 5 -23 -14 0
6 -1 -13 51 1
12 -63 -70 74 0
63 71 35 -82 1
-69 34 -21 -1 0
85 27 -46 -84 0
89 71 93 66 1
21 -33 -31 -36 0
-30 -34 99 19 1
-77 -4 0 -37 0
22 -61 -30 -92 0
-18 34 -68 -49 0
27 -86 6 -69 0
40 52 -48 89 1
-50 -22 37 50 1
-24 -63 -3 96 1
26 73 -54 -81 0
-60 -32 38 -89 0
16 83 39 -99 0
-32 -27 10 14 1
-9 -48 -54 16 0
-16 -81 65 55 1
-46 -78 -69 -73 0
30 -47 13 -66 0
-20 46 69 66 1
95 61 -29 46 1
-30 -94 -54 92 0
0 63 30 24 1
-40 77 49 -38 1
74 -27 49 -36 1
-41 28 -59 -38 0
-65 17 59 96 1
-28 68 98 16 1
50 -15 73 47 1
-44 50 -29 -85 0
74 -51 -91 -65 0
77 62 -96 -52 0
78 -47 -81 -62 0
-12 -7 17 37 1
13 -38 83 -92 0
83 17 38 -59 1
10 -31 -22 -11 0
-62 17 74 -96 0
-18 19 2 60 1
76 61 -6 -95 0
33 -49 10 -28 0
67 43 59 82 1
64 -64 -29 -34 0
-50 -32 21 14 1
32 36 -89 85 1
-93 -71 -47 60 0
45 41 -96 68 0
65 -4 100 94 1
-30 75 -37 76 1
-37 -48 -17 -78 0
-30 -84 7 -87 0
11 -84 -33 -20 0
-34 82 -51 -89 0
12 41 45 70 1
35 89 27 -45 1
77 86 -35 -43 0
59 62 29 4 1
-16 49 13 32 1
78 51 -100 -97 0
-39 91 -41 -65 0
-62 26 79 -18 1
-26 -67 -83 -53 0
-1 -50 81 79 1
99 3 -25 95 1
-42 -83 -54 -67 0
-35 18 93 88 1
67 -57 -63 -98 0
98 -60 56 52 1
-81 -60 43 54 1
79 -73 -40 85 1
13 92 6 55 1
69 -68 22 100 1
5 39 -49 -29 0
-52 -83 -2 99 1
40 51 49 6 1
-5 -23 55 64 1
81 -34 38 64 1
-14 68 87 100 1
67 -8 -81 -80 0
33 72 -11 -51 0
-24 81 5 25 1
79 31 -50 -9 0
-7 15 37 61 1
-29 -52 31 -73 0
-99 -14 58 -74 0
-99 -73 -45 -37 0
-27 100 19 -47 1
-69 -71 -77 -26 0
-79 -34 30 54 1
90 16 -88 88 1
-43 13 58 -57 1
-95 -86 49 -71 0
91 81 41 -51 1
95 -41 -77 -75 0
60 2 29 -49 1
-84 -22 32 -92 0
-95 -36 85 -87 0
-37 -1 90 60 1
80 -14 56 27 1
40 38 -61 47 1
49 56 50 59 1
-94 -95 -74 85 0
-81 -15 71 -87 0
16 -5 -86 -89 0
10 100 65 5 1
-83 46 80 -3 1
44 -53 -8 19 0
58 93 -82 -52 0
-45 88 -65 -76 0
-13 -29 -22 -88 0
-27 -80 76 34 1
16 10 -81 -85 0
-83 15 13 4 1
-2 -7 90 86 1
20 -13 -1 -88 0
78 -93 -77 48 0
95 -44 -62 11 0
33 27 -55 -60 0
-100 73 53 73 1
89 81 63 39 1
-86 63 19 -76 0
-64 51 -82 49 0
-87 -35 -13 25 0
-56 -14 -87 74 0
92 -6 -82 86 1
-60 86 -93 -62 0
-90 -2 83 5 1
-10 79 71 54 1
99 58 5 74 1
-45 -21 -59 -16 0
-4 -76 11 62 1
-41 -58 -93 -4 0
22 -76 -85 -39 0
71 67 -82 91 1
73 -64 13 -1 0
19 -40 25 66 1
-18 59 48 -86 0
67 -31 -78 -88 0
-18 -35 16 66 1
51 -82 55 -52 0
-48 -48 -71 51 0
96 48 75 90 1
33 75 -98 -81 0
22 -71 -83 -51 0
20 85 -22 -38 0
38 47 90 56 1
66 44 68 30 1
40 -34 44 2 1
67 37 -75 76 1
-23 15 78 -54 1
37 90 12 16 1
-17 35 41 54 1
-34 -24 38 83 1
29 -29 27 -51 0
-87 71 -3 -13 1
10 78 -8 -65 0
-45 80 -1 54 1
43 69 -51 25 1
7 -75 8 -4 0
-91 71 -35 4 0
69 24 45 64 1
59 3 36 -25 1
75 8 15 16 1
89 -49 -31 -35 0
-92 30 47 -44 1
-79 75 -52 -5 0
-27 98 25 -68 1
-35 71 -49 -7 0
56 -6 98 92 1
-43 81 -80 9 0
89 93 2 -18 1
85 46 61 94 1
2 29 6 -9 1
-96 -65 31 -89 0
8 81 -59 -70 0
42 42 -52 35 1
-19 6 2 -46 0
-3 -34 -88 -46 0
-56 -54 96 -73 1
26 -69 72 -8 1
28 38 -27 50 1
85 34 -20 80 1
22 14 64 -29 1
24 -24 -57 -98 0
33 18 68 -3 1
-51 -89 91 24 1
-90 -90 68 63 1
16 13 -88 69 0
83 63 -9 44 1
28 56 12 76 1
11 -24 17 25 1
51 -62 -66 29 0
18 86 84 -54 1
31 68 40 49 1
-36 -41 -81 16 0
73 -100 -82 91 0
83 53 77 33 1
36 -34 2 99 1
-42 -67 -78 37 0
1 -17 82 -2 1
24 -31 -29 37 0
29 -11 -63 -44 0
89 82 -23 59 1
-32 -28 28 39 1
-83 -59 -61 23 0
81 11 -89 -67 0
-39 -63 17 -53 0
45 66 -30 -58 0
68 -14 30 64 1
-82 -8 -34 -99 0
-18 46 8 30 1
48 -73 86 -13 1
-49 -28 54 19 1
96 27 -65 37 0
38 -76 -59 -19 0
-74 -65 48 -12 0
-59 2 -33 59 1
-70 85 -31 13 1
2 50 -7 82 1
25 -44 21 83 1
-95 24 -45 -55 0
-56 76 72 -28 1
-22 4 -48 -82 0
-62 -74 -18 38 0
30 -45 -75 18 0
-94 3 -66 -33 0
-88 -84 48 61 1
13 -72 3 -81 0
-58 82 58 -48 1
-24 22 -68 -73 0
-56 -53 -54 -22 0
11 -33 13 -44 0
-35 -22 65 -33 1
54 -63 21 -76 0
