-64 -13 -30 -12 0
40 -42 93 -61 1
-13 74 -12 -19 1
65 -75 -23 -28 0
-91 48 15 97 1
-21 75 92 -18 1
-1 77 -71 47 1
47 42 67 -68 1
93 -91 85 27 1
-68 -69 51 63 1
14 83 -72 -66 0
28 28 64 -47 1
33 -62 -83 -21 0
32 5 -58 86 1
-69 20 -99 -35 0
69 -43 -65 2 0
19 -89 74 -18 1
-9 28 42 -1 1
-47 40 21 70 1
-16 -32 -94 96 0
-53 27 31 0 1
80 -22 43 48 1
86 -77 41 17 1
-15 -52 -51 -31 0
69 63 92 -5 1
97 -6 -100 13 0
78 -64 62 -52 1
-7 31 -2 -58 0
12 49 27 -100 0
38 14 -57 86 1
27 -77 87 30 1
21 -2 -38 63 1
23 95 -18 74 1
48 -50 55 -86 0
-59 -42 93 -64 1
-90 -14 -57 4 0
-89 -98 -49 -20 0
-68 82 28 -62 1
-81 74 -58 15 0
84 88 -23 -70 0
-76 25 -98 -97 0
-6 7 -87 12 0
-60 -28 -81 -5 0
-28 54 94 80 1
-33 -39 -86 -4 0
-96 95 39 -14 1
21 9 -25 84 1
-84 52 57 49 1
10 -75 88 21 1
18 17 89 -17 1
61 4 60 21 1
-30 -69 -87 -29 0
84 52 -21 -59 0
-82 -60 82 -89 0
66 11 -7 29 1
18 -56 25 -76 0
-33 -97 -65 89 0
97 -57 -68 -89 0
4 38 82 65 1
25 56 11 -98 0
-73 51 -47 -49 0
74 48 81 -71 1
-33 -65 -61 37 0
-27 -59 51 31 1
-54 78 8 -97 0
-69 -91 38 -73 0
73 99 67 -39 1
-15 -3 -56 -66 0
62 -12 -67 33 0
-64 -100 -66 97 0
26 81 -20 90 1
36 89 29 12 1
-65 20 -9 68 1
16 -64 76 -75 0
-33 3 -65 14 0
-70 -71 -67 46 0
-83 -16 -98 -31 0
1 40 -56 17 0
-34 11 -9 -15 0
67 -61 50 58 1
45 98 99 -82 1
-8 -57 -17 77 1
-59 -7 74 49 1
-11 -27 -72 5 0
86 28 -37 -84 0
6 64 -6 -76 0
16 91 95 -49 1
36 84 -9 -7 1
23 -13 60 47 1
-28 99 -13 -87 0
-42 -19 20 16 1
83 -36 64 -75 1
-68 70 -86 -72 0
-80 -32 -78 22 0
-17 35 100 -39 1
41 -95 -100 36 0
81 39 -96 67 0
-8 73 -74 -26 0
-48 77 -49 5 0
-82 17 -66 -49 0
58 81 -42 71 1
-45 -82 73 -13 1
93 -30 -47 -52 0
-6 -41 -20 54 1
24 63 -42 77 1
6 -56 -87 21 0
-30 -62 67 36 1
-87 35 -78 -21 0
-92 -94 99 94 1
-40 44 -44 14 0
51 -76 -96 0 0
-51 -13 -70 -46 0
53 -80 -3 1 0
85 51 55 -71 1
61 15 -47 19 0
79 -14 -93 5 0
37 82 28 -17 1
20 64 48 17 1
-97 26 -58 -35 0
-80 -64 -32 12 0
75 38 4 -9 1
-57 -37 59 48 1
98 -91 88 -9 1
11 63 -17 -24 0
-82 13 -26 71 1
31 40 -42 29 1
13 28 -61 -76 0
86 -64 -1 -31 0
34 -97 21 68 1
88 61 -72 -32 0
-74 9 79 81 1
97 61 35 25 1
-6 -28 -16 35 1
95 8 -33 2 0
-16 -29 -17 -100 0
33 -9 7 58 1
-93 49 36 71 1
-54 -100 4 79 1
-62 -11 -26 23 0
-13 -4 -17 -74 0
-68 15 98 -3 1
72 -41 -43 78 1
73 32 85 -7 1
-9 45 63 94 1
48 73 85 19 1
64 5 90 -96 1
58 9 -13 63 1
-27 83 -74 18 0
-78 -2 -10 -49 0
-54 -39 88 -53 1
4 28 38 41 1
-29 -6 -94 73 0
58 -85 69 66 1
-47 71 -18 35 1
-35 69 -34 14 1
-8 -22 0 59 1
78 74 -7 14 1
61 -88 -20 -34 0
100 25 38 12 1
55 84 20 -35 1
92 97 -12 -66 0
-97 88 65 71 1
-12 -30 48 34 1
-72 15 34 -34 1
-8 2 1 23 1
97 9 -27 0 0
82 -23 49 59 1
-19 -65 36 -75 0
-79 73 44 53 1
19 65 27 29 1
33 98 40 -10 1
-26 82 -22 -38 0
-28 99 -55 33 1
-53 87 70 95 1
38 -43 -11 31 1
25 -18 97 86 1
32 -83 97 91 1
-6 52 31 -31 1
68 64 -42 77 1
83 52 61 46 1
-3 35 81 -54 1
27 61 -19 57 1
-88 18 -54 18 0
-68 -66 15 -13 0
24 53 74 7 1
-48 10 -36 -24 0
18 -27 46 -96 0
-93 31 -52 -24 0
-63 16 -52 9 0
79 -51 -29 -10 0
77 -71 -97 -26 0
-16 -35 19 -80 0
-58 -72 54 -13 1
80 -52 94 2 1
-91 -98 16 8 0
-11 24 17 0 1
-10 -32 5 -90 0
-88 4 65 67 1
60 22 -67 54 0
-1 -50 -12 -80 0
56 -28 -82 53 0
52 -61 23 -72 0
52 46 95 72 1
-55 -46 -100 38 0
95 34 -1 85 1
98 47 62 -50 1
2 -80 71 18 1
28 9 5 94 1
40 -85 18 -67 0
51 40 33 -62 1
-99 -90 -94 25 0
-94 2 66 -25 1
14 -15 26 14 1
78 -49 -98 -24 0
57 -91 15 100 1
33 16 81 93 1
-57 -21 -38 -24 0
-53 -24 49 20 1
-82 -11 -87 -8 0
5 -94 0 -52 0
-60 54 58 33 1
43 91 -63 -41 0
13 -5 -4 -68 0
-38 38 40 -7 1
-36 57 -10 50 1
47 33 -64 -17 0
27 -95 -8 54 1
-17 40 35 80 1
-20 57 -100 -26 0
31 -39 -33 44 0
12 -16 16 -44 0
-38 84 -52 45 1
17 85 -91 90 1
-21 61 32 44 1
-29 -38 -77 -9 0
10 -93 -78 -2 0
58 -20 55 -53 1
14 -89 -22 -70 0
-10 -66 -46 -19 0
63 -29 9 -41 0
12 65 -32 81 1
-87 1 -81 7 0
-92 -4 97 24 1
0 29 57 33 1
68 50 -70 -81 0
-96 48 6 -26 0
23 95 -40 -7 1
69 -60 88 79 1
-60 -41 -71 -6 0
65 26 -84 -1 0
67 57 -35 -77 0
100 28 -13 -63 0
11 91 54 -11 1
34 1 -59 45 0
12 -57 10 97 1
18 47 -78 9 0
39 -89 61 35 1
19 -74 -52 99 1
82 -4 0 -18 0
-13 49 -98 -92 0
-90 -95 -62 66 0
0 93 17 -41 1
64 33 -95 -62 0
63 -12 77 -16 1
14 -91 32 77 1
-76 -6 30 -17 1
31 -23 -89 41 0
-19 54 98 75 1
-2 -79 48 70 1
22 85 45 1 1
83 0 96 11 1
-89 -3 47 12 1
-89 -75 -3 -5 0
-55 -94 -11 -12 0
-62 -49 -84 51 0
-97 -10 74 22 1
57 -98 33 21 1
99 -85 -22 63 1
80 3 18 -93 0
79 2 79 57 1
83 13 39 95 1
22 -45 -12 -32 0
17 15 85 -7 1
2 39 -18 -97 0
65 35 -71 -22 0
-89 -89 -84 -40 0
23 3 91 87 1
29 46 81 -72 1
92 -15 -27 36 1
39 17 79 -19 1
83 -85 31 6 1
-72 -42 -22 11 0
-35 -24 -89 -75 0
3 -89 -10 62 1
29 44 -99 -84 0
-67 -67 72 -60 0
-28 6 -17 60 1
51 -32 59 50 1
-36 -69 -21 -17 0
-85 -49 40 73 1
-90 5 -20 -30 0
-79 95 -20 -36 0
29 -50 -4 7 0
-18 85 50 -85 1
43 -72 -29 -73 0
-43 -42 -87 46 0
-22 -80 -29 83 1
-56 -9 -56 -85 0
-13 -23 57 -5 1
10 32 -72 93 1
-51 77 -13 -43 0
-59 94 75 -83 1
-80 66 -36 34 1
50 -21 -26 62 1
68 66 49 -66 1
17 60 70 27 1
-56 -1 -59 3 0
55 -52 27 38 1
-32 -83 -97 1 0
-6 -71 2 23 0
58 94 -40 35 1
79 -27 92 45 1
68 -79 -6 54 1
43 -83 -90 45 0
31 -27 -71 95 1
99 32 89 -10 1
0 34 -68 -19 0
19 18 -63 19 0
-73 -49 -22 87 1
-14 -5 -92 -44 0
-71 56 62 86 1
27 26 11 44 1
100 -41 -93 40 0
-68 -25 -60 -100 0
9 -8 65 75 1
-39 3 78 -32 1
85 19 32 5 1
-64 -20 65 17 1
-65 76 28 -51 1
85 -91 -50 76 0
-88 98 24 64 1
-1 2 -64 -70 0
14 47 66 72 1
-65 -86 -71 79 0
-40 -19 -33 -71 0
55 31 -67 79 1
18 55 -44 -79 0
67 -26 -71 57 0
89 -42 -76 14 0
-84 92 0 23 1
-87 -99 -98 -34 0
47 58 -61 -23 0
77 -74 15 40 1
92 -99 64 -90 0
6 -68 -72 86 0
94 -35 -17 -53 0
-19 64 99 -47 1
98 37 -85 -82 0
57 81 88 -58 1
30 -71 45 -65 0
20 -81 44 -77 0
40 -1 9 84 1
94 -80 31 -19 0
72 -62 -58 -63 0
6 -60 11 -73 0
32 79 50 65 1
-65 -70 -93 -12 0
43 38 47 -23 1
-44 46 99 -40 1
-76 60 8 -61 0
16 4 26 11 1
16 -84 80 -54 1
-6 -16 -77 43 0
72 -17 19 -45 0
-2 55 -55 -19 0
55 -23 76 -6 1
33 21 13 -72 0
-35 -32 100 14 1
61 18 -52 -1 0
-31 93 -1 -29 1
-99 29 99 53 1
0 -23 8 78 1
55 -4 -57 -81 0
-2 -55 0 -20 0
12 21 71 95 1
-92 74 -36 16 0
48 -4 7 33 1
-15 -76 -98 99 0
8 -72 18 -5 0
-35 14 42 -79 0
11 11 97 -67 1
6 30 -73 19 0
47 43 -29 -71 0
63 -52 77 -20 1
84 -37 86 33 1
-49 -39 6 -83 0
-55 -38 -78 2 0
37 -95 -24 -39 0
70 44 -41 -83 0
96 -40 53 42 1
9 -39 81 -19 1
-71 98 -72 33 0
-16 83 78 -14 1
81 -90 -57 87 0
58 -41 42 76 1
20 25 -44 93 1
4 35 97 43 1
19 -48 -68 -13 0
62 -71 -49 81 0
-96 92 23 54 1
33 22 -12 -83 0
96 -44 60 -19 1
-28 -27 59 -6 1
-27 8 76 60 1
-86 -39 -13 60 1
-44 56 71 -3 1
78 -54 8 -28 0
65 20 -98 -83 0
43 95 -15 -7 1
1 20 50 -93 0
-45 77 -74 32 0
9 -11 -74 88 0
11 -17 -22 46 1
21 -4 -9 -64 0
2 48 27 31 1
46 -49 -51 -69 0
46 -88 11 -2 0
-29 -6 -55 -35 0
-12 -84 -55 27 0
65 78 52 76 1
-96 79 74 -60 1
42 38 55 -22 1
2 41 -96 -85 0
-71 70 53 -78 1
10 -57 83 30 1
53 25 20 28 1
-5 84 10 98 1
-14 90 -54 -11 0
40 -38 -63 59 0
19 56 -41 -17 0
-60 4 21 -11 1
-71 -72 -48 -58 0
38 -83 28 67 1
-62 93 -52 -55 0
22 77 -78 -8 0
-35 -15 -34 -68 0
78 -30 2 63 1
51 22 -18 2 1
-11 -21 13 55 1
-15 -99 -91 15 0
-19 39 -36 -33 0
89 -46 -64 26 0
-81 97 25 90 1
96 69 44 85 1
33 -4 -78 31 0
36 -38 -8 69 1
-26 2 -8 -5 0
8 39 62 -9 1
-51 -29 67 2 1
19 -42 -95 -27 0
-12 40 -41 -85 0
-96 50 80 -34 1
-29 9 -28 -95 0
-61 -21 -21 -59 0
50 47 -38 -71 0
-91 39 25 -1 1
-74 3 -28 29 0
-1 14 74 -45 1
-90 -76 -5 -57 0
41 -45 -95 51 0
-58 3 -51 1 0
2 -25 17 84 1
71 52 -19 -79 0
46 -37 -11 -71 0
-63 77 68 6 1
3 -89 -44 91 0
42 -68 93 21 1
17 -35 -64 -75 0
-28 -50 -88 52 0
47 95 38 -93 1
80 -8 -86 100 1
-54 -65 51 -39 0
17 81 -88 73 1
-93 75 10 67 1
-6 47 9 78 1
-35 71 -18 -11 0
1 20 84 -28 1
78 -66 -89 8 0
39 4 64 26 1
77 -52 -26 39 0
-7 -66 -61 12 0
-90 -98 21 -25 0
74 -49 69 -9 1
31 -84 -37 -36 0
-87 -62 -96 -97 0
47 -19 44 26 1
-29 52 -89 50 0
-40 30 36 -28 1
-62 -48 -12 -37 0
49 -96 59 65 1
-93 50 24 -58 0
87 -46 15 79 1
-18 -77 -17 -75 0
-43 97 -11 -55 0
11 -12 79 -41 1
72 54 20 17 1
71 21 60 -70 1
42 -29 -4 89 1
-99 75 24 9 1
18 71 -85 -32 0
-15 67 6 -6 1
-100 -19 86 -88 0
-57 82 25 75 1
-78 -69 16 -66 0
-58 -32 22 -38 0
-64 -17 72 11 1
98 -94 76 37 1
-72 -23 84 37 1
-34 -91 10 64 1
-72 -36 24 41 1
-98 65 99 -13 1
-97 11 -20 -18 0
-50 89 -72 -65 0
-47 -74 13 3 0
-58 -54 97 -72 1
27 71 -17 -38 0
-26 37 -25 -4 0
66 -69 50 26 1
-9 -43 -79 -39 0
-59 15 7 -1 1
69 51 -48 -77 0
22 -28 -59 -40 0
-53 43 -64 93 1
-6 -58 -100 34 0
-33 -69 -71 -84 0
95 -74 -94 -89 0
-19 -45 25 -57 0
-33 -80 19 -86 0
-86 -20 91 17 1
-57 55 2 48 1
-77 -66 -68 -35 0
-78 -79 85 -32 1
-55 67 -76 -14 0
-83 80 36 -95 0
-14 -18 -90 -38 0
-71 39 58 -29 1
-42 -58 -29 53 0
-46 18 -17 -75 0
73 21 31 16 1
-17 -63 61 88 1
8 -93 88 65 1
-16 -2 -84 73 0
67 -67 -3 -35 0
-13 -32 -76 -94 0
-3 14 -40 -39 0
87 21 -71 -72 0
52 31 49 -94 0
-16 -79 19 -73 0
54 92 10 31 1
-47 -63 -93 20 0
-20 39 30 -46 1
-95 -83 25 -22 0
33 -22 -19 10 0
8 -70 -2 -97 0
28 -7 -56 72 1
27 15 89 -100 1
-83 57 -9 62 1
87 -79 -37 1 0
45 -62 29 43 1
-83 81 50 14 1
75 94 -89 37 0
-60 82 79 -53 1
-96 38 34 18 1
72 -28 36 100 1
-82 -98 97 0 1
6 57 55 45 1
86 39 -51 -28 0
-12 -97 12 -89 0
-43 78 43 85 1
31 18 88 67 1
57 81 -33 -44 0
19 -21 -55 -10 0
-21 -89 33 58 1
86 -32 -41 -68 0
-63 71 25 -40 1
-55 -71 55 -73 0
-71 26 -28 -25 0
-3 -62 -89 -11 0
-68 78 -60 98 1
-70 50 23 -25 1
-65 96 -37 -96 0
77 16 57 91 1
-39 -9 11 4 1
-10 -74 -27 78 1
-6 -83 99 -44 1
-65 -53 -52 19 0
99 17 -33 23 1
99 -38 100 -63 1
-95 -3 -45 74 0
-62 -51 -92 22 0
93 -34 -38 -84 0
89 94 -89 59 1
38 -80 0 -86 0
20 -48 99 57 1
33 -86 14 -49 0
-68 51 -9 -94 0
20 -35 -25 -13 0
98 -60 88 -64 1
40 63 -38 97 1
-38 86 -24 -82 0
28 -99 -10 12 0
7 49 -22 -87 0
-33 5 45 -95 0
-74 91 55 69 1
-87 -55 76 -44 1
-42 -83 -5 35 0
-74 -83 96 -57 0
75 25 -8 -28 0
86 -73 -94 35 0
81 19 -74 23 0
-63 -7 77 -80 0
19 84 89 83 1
51 85 37 28 1
2 47 99 -50 1
-62 95 58 -63 1
84 26 33 -41 1
89 -69 98 -11 1
45 -69 59 -16 1
-10 -61 78 -26 1
-62 -32 23 -61 0
27 -87 63 23 1
39 3 -25 -46 0
64 -18 79 62 1
86 -20 -72 37 0
1 -92 45 53 1
-6 23 1 87 1
23 -41 86 -82 1
-88 29 -73 -90 0
95 89 -84 -73 0
24 -94 -100 -93 0
53 -33 -41 16 0
64 72 13 100 1
11 66 70 64 1
-32 -9 -87 41 0
69 -28 34 -6 1
40 -2 31 -84 0
-95 -60 83 57 1
81 -78 1 -77 0
22 64 87 -66 1
98 34 -12 -24 1
-83 -5 -52 -63 0
-100 13 8 -96 0
-5 88 27 -90 0
-71 -3 5 -87 0
-81 -59 72 -49 0
7 44 65 -86 1
64 14 32 -53 1
28 -51 65 -56 1
-31 4 -84 -84 0
-90 -95 51 75 1
-33 66 -82 -6 0
-69 70 -53 -79 0
-45 -26 8 -69 0
-17 -34 47 59 1
14 -81 -61 67 0
-39 -3 72 82 1
22 90 44 -20 1
34 96 -55 58 1
-24 23 81 61 1
-10 46 34 20 1
30 54 -75 -87 0
91 -38 -43 -63 0
73 49 7 -31 1
-51 -75 -88 -48 0
-30 75 -27 38 1
-28 44 -5 -6 1
-62 76 88 -94 1
98 19 -99 11 0
91 93 25 -79 1
-54 -100 64 54 1
48 -16 -66 10 0
-39 58 55 -27 1
-28 -48 -16 51 1
-38 -52 87 -57 1
70 41 11 -91 0
55 -10 -66 -30 0
69 -63 -94 -42 0
-15 -97 -25 -89 0
57 -22 -74 7 0
-20 63 -48 45 1
-20 38 88 -1 1
53 27 54 -49 1
-21 -73 32 2 0
3 81 -77 7 0
7 -78 -8 -57 0
-94 41 45 68 1
25 96 -82 30 0
-73 36 -49 75 1
-37 58 -87 -8 0
74 42 74 73 1
-3 -96 16 38 1
16 -37 -82 100 0
19 -42 41 -88 0
57 -22 4 -23 0
37 74 88 -24 1
57 9 -25 13 1
52 -41 100 43 1
82 60 15 8 1
14 13 -89 -85 0
-75 -79 50 -9 0
8 100 -9 7 1
3 -1 58 69 1
37 18 -48 -57 0
-19 78 44 -36 1
-74 35 82 -18 1
86 -25 -43 86 1
-87 100 -82 45 0
70 -56 -13 -30 0
-54 -46 78 -57 1
-35 1 -94 21 0
75 72 -91 -97 0
37 23 -66 -99 0
-62 -6 78 41 1
-14 -54 -13 -63 0
-7 -10 -18 -94 0
-26 71 -99 76 0
-21 45 -81 47 0
-35 55 63 -91 1
-87 81 -30 -90 0
21 -57 1 33 1
68 -85 -86 -100 0
-65 -3 42 -94 0
-12 -97 -32 1 0
-5 55 14 -33 1
-66 69 -87 27 0
13 45 6 68 1
-62 -58 -33 -73 0
88 43 62 3 1
78 -56 -16 -48 0
53 72 -19 33 1
-17 99 -32 -5 1
-7 6 -9 60 1
69 57 41 8 1
37 -46 36 -75 0
61 -83 75 -84 0
-51 -38 -29 -6 0
-14 65 -91 74 0
40 -12 25 17 1
50 84 -22 -55 0
-67 90 -96 -31 0
25 -24 69 40 1
-100 97 50 -3 1
77 15 -35 38 1
98 22 -84 99 1
55 -62 7 -16 0
69 15 98 66 1
62 13 3 -60 0
-60 55 -6 64 1
-2 -41 -11 55 1
84 27 86 -69 1
-52 26 31 -36 1
-63 67 -88 -16 0
-24 20 14 75 1
-43 49 8 -88 0
45 67 59 11 1
57 83 93 -63 1
-100 -77 41 36 1
-47 -20 -87 36 0
34 55 65 63 1
-60 54 -6 85 1
-55 -20 -42 51 0
100 25 -82 43 0
25 -12 -36 31 0
48 75 90 -3 1
-76 -60 37 -28 0
99 -59 -81 -33 0
27 19 -34 -76 0
-16 63 22 74 1
-68 -66 -58 -8 0
-63 -18 -45 6 0
-65 -1 -35 -7 0
48 -1 -54 -2 0
-9 -38 -38 -22 0
6 58 -9 -49 0
-96 96 34 -59 1
-97 67 0 55 1
41 -56 -100 -26 0
-22 28 -100 -4 0
16 -89 -71 33 0
-31 85 -70 -82 0
6 -84 19 -19 0
-91 37 -24 92 1
56 -23 -13 86 1
21 76 55 7 1
53 11 -24 -76 0
-95 -66 -24 87 1
-57 -41 -79 8 0
-88 12 -2 33 1
-80 24 59 -2 1
-77 -81 -15 -53 0
-94 -32 -76 75 0
60 -84 50 25 1
-72 -72 13 1 0
-11 33 -34 63 1
79 -23 84 -95 1
-71 -9 81 93 1
-39 54 -72 67 1
-3 5 75 9 1
60 21 -96 82 0
28 -89 79 -1 1
96 -74 -85 6 0
44 16 -30 -5 0
-98 -83 -35 60 0
66 -32 -6 -96 0
-21 27 -79 21 0
15 2 -90 -84 0
-98 -54 89 74 1
10 -68 51 89 1
29 -64 -11 -92 0
-53 -9 -100 63 0
-74 90 11 80 1
50 59 29 -7 1
-97 -97 -2 16 0
64 70 10 -80 0
33 -17 82 -97 1
-17 51 -52 -6 0
58 35 70 40 1
-96 55 11 71 1
81 38 -57 -94 0
99 -100 -49 62 0
-4 -77 92 99 1
58 -82 -68 -98 0
66 -88 -36 26 0
-28 -97 41 26 1
31 98 34 48 1
-42 -98 75 80 1
-42 10 -18 -20 0
-43 71 -67 -31 0
-21 -11 -76 0 0
88 21 -36 89 1
-23 -88 98 13 1
-51 31 60 15 1
77 41 -25 -83 0
-32 -53 -26 66 1
16 2 76 -64 1
-75 -65 99 92 1
-36 -92 95 -94 0
1 35 79 -18 1
20 -83 -97 26 0
-92 -53 -57 89 0
-97 -56 -25 -51 0
-50 38 71 2 1
-38 -18 -38 17 0
63 -15 56 87 1
-11 -99 49 53 1
38 20 69 -87 1
79 -34 35 -60 0
-44 -15 -63 74 0
83 34 -100 36 0
23 65 95 74 1
69 -8 -37 -43 0
0 -61 93 79 1
89 9 97 86 1
-9 -5 68 -27 1
81 20 -93 -1 0
75 97 69 -72 1
22 -15 -89 -97 0
-82 63 -54 5 0
45 11 55 -46 1
11 47 99 -29 1
1 71 72 10 1
74 62 61 -26 1
19 -31 -54 60 0
67 58 11 75 1
29 60 26 4 1
13 91 19 -55 1
83 10 18 -36 1
1 50 55 -95 0
9 -65 9 -65 0
24 4 95 56 1
-9 37 -57 31 0
7 39 79 6 1
32 57 -40 72 1
-98 -31 -53 45 0
-21 84 -59 52 1
4 -97 88 -54 1
12 59 98 -49 1
-3 75 -89 3 0
-38 36 90 31 1
83 7 -46 69 1
-46 -75 9 34 0
-29 91 -7 97 1
-62 95 -93 14 0
71 51 -71 -49 0
45 84 -57 61 1
-52 6 70 29 1
6 -47 92 27 1
-44 43 -20 100 1
5 48 89 91 1
-46 71 53 28 1
23 -51 67 30 1
98 31 -70 -87 0
-80 16 -25 -89 0
33 12 44 90 1
36 -73 34 8 1
-58 32 43 88 1
28 67 -63 -94 0
-7 -42 11 53 1
-24 -36 90 80 1
-50 77 56 99 1
93 8 -50 35 1
-74 68 -39 76 1
50 -86 -37 -15 0
-48 35 -64 98 1
48 -62 32 44 1
11 84 11 -86 0
27 -85 42 38 1
-96 -16 5 -48 0
-47 -33 -56 24 0
-98 88 -34 -77 0
-72 -47 46 11 1
87 -35 -32 -64 0
-19 -76 7 -24 0
-66 -15 -44 -37 0
-64 7 69 -94 0
45 -69 14 -94 0
78 -84 -70 -72 0
27 60 2 -62 0
-71 -98 -17 -24 0
46 -36 69 50 1
-83 70 -96 32 0
46 97 -86 -90 0
-50 -66 -97 -92 0
-18 -32 35 6 1
-7 -65 -54 73 0
95 -42 31 98 1
-34 52 83 87 1
63 -97 -29 55 0
-34 12 -29 -90 0
9 91 23 12 1
21 -95 -60 80 0
71 93 34 -72 1
33 -26 35 -71 0
0 -18 -53 88 1
-37 23 94 -59 1
-71 -4 -51 88 1
-48 -75 -64 47 0
-4 -9 54 -44 1
-44 -72 73 -95 0
93 -15 -66 29 0
-7 -86 -70 37 0
82 -73 35 -7 1
64 66 -8 13 1
-15 65 48 -87 1
9 68 78 -46 1
26 93 -28 -42 0
3 8 -27 -51 0
-83 -51 -11 85 1
15 -10 -87 -69 0
24 -79 -3 -99 0
71 83 -30 -66 0
-54 -10 45 12 1
-88 -48 -53 16 0
67 12 76 83 1
53 -36 -40 58 1
0 2 -8 -21 0
66 2 -52 -93 0
-63 -34 -23 -80 0
-54 -68 -48 83 0
47 84 -78 -14 0
-40 62 -39 82 1
-62 76 62 89 1
93 82 9 45 1
-48 -66 71 41 1
-83 -69 -79 9 0
29 -31 75 66 1
-37 59 -8 2 1
14 -32 65 35 1
-33 -46 -79 49 0
-43 -34 -53 -68 0
61 86 60 3 1
45 37 -1 72 1
-14 -95 37 18 1
-35 89 33 96 1
35 82 -81 -49 0
66 41 -89 -13 0
2 -46 81 -25 1
-60 -5 -97 89 0
30 99 -98 -75 0
-54 33 -84 14 0
36 20 14 -8 1
-22 84 -94 -23 0
-44 -97 -41 2 0
11 -96 -100 66 0
34 15 48 98 1
44 -36 -33 23 0
-31 11 -39 -61 0
-41 -73 92 -67 0
-75 80 42 76 1
62 16 -60 78 1
90 14 -57 19 0
-62 47 -58 49 0
48 -10 63 55 1
31 24 35 -96 0
-96 -47 37 96 1
61 77 51 85 1
-23 49 -8 -77 0
12 33 89 -98 1
-100 -91 -29 57 0
49 -22 -63 -10 0
-24 -21 46 -34 1
-84 -25 -91 21 0
-27 -70 -78 6 0
-80 5 -32 10 0
-21 61 92 11 1
43 -23 37 -51 0
38 13 3 -66 0
67 76 -56 6 0
-99 100 -100 39 0
54 7 70 -81 1
-15 11 -99 88 0
-18 -38 39 77 1
91 16 3 37 1
-76 -32 -74 -48 0
7 -46 57 29 1
-100 -85 61 60 1
97 58 5 75 1
-42 17 35 58 1
-15 -70 69 -92 0
-35 9 -92 -51 0
16 -36 -9 -50 0
76 57 -29 -74 0
42 21 -81 26 0
36 -61 57 -77 0
-23 -60 29 -11 0
-70 69 -20 24 1
-38 -25 3 -29 0
2 -63 -57 87 0
64 60 -27 44 1
63 31 -61 65 1
-97 68 -42 29 0
-97 -89 31 10 0
87 40 -4 67 1
-50 -100 -46 -46 0
11 -13 99 87 1
-35 -87 84 -70 0
-15 -19 51 63 1
61 34 -76 -66 0
4 85 2 52 1
-95 76 53 96 1
-62 28 -41 -27 0
78 -72 43 94 1
-64 35 59 71 1
-59 -72 26 82 1
-48 18 70 59 1
-14 -43 -77 24 0
-32 -36 45 98 1
-32 30 67 66 1
82 3 28 -91 0
-25 72 -48 0 0
5 75 97 -52 1
66 -64 32 -61 0
90 73 -58 60 1
29 75 62 -58 1
-58 8 70 -54 1
9 5 -60 8 0
12 -20 71 -8 1
92 -37 -56 25 0
30 -78 24 52 1
72 -17 35 -47 1
-38 57 -92 -59 0
62 74 89 100 1
17 -45 -32 -53 0
-93 -44 -15 -14 0
-30 -81 71 -30 1
-4 1 -14 5 0
-79 39 71 -33 1
57 49 -31 -99 0
61 68 7 3 1
71 -49 -6 82 1
-49 73 -7 32 1
84 76 20 48 1
-84 -47 94 48 1
84 52 -57 -16 0
91 -85 -3 -76 0
-12 4 -9 -39 0
31 47 40 14 1
-56 -26 37 91 1
17 74 41 -31 1
73 35 -59 10 0
44 78 -61 -65 0
6 -72 17 -19 0
-63 -99 -70 -66 0
16 -97 61 71 1
-11 -99 -2 84 1
-51 3 -60 -18 0
-59 -46 75 -8 1
27 93 -59 -62 0
40 56 -75 -47 0
91 -9 -23 61 1
17 36 96 -54 1
18 -15 73 -78 1
-86 -100 78 82 1
78 37 -67 -60 0
68 35 54 57 1
78 85 -83 26 0
-90 -57 90 93 1
25 -81 34 -95 0
96 94 68 -29 1
68 -76 80 22 1
50 -59 -94 20 0
-49 67 -76 -69 0
48 46 -65 -12 0
-9 -56 0 50 1
59 78 -82 -22 0
-93 -89 91 85 1
-42 -62 69 92 1
-66 70 80 -30 1
31 68 23 -9 1
67 -75 -100 7 0
62 25 93 12 1
-57 65 7 -58 0
96 80 99 -7 1
-99 -77 -12 -11 0
-31 50 -20 -5 0
92 95 -3 -69 0
98 -48 -36 -92 0
-76 -30 -25 96 1
-38 1 -29 -75 0
79 -58 33 65 1
32 90 -58 -88 0
-84 85 -31 -87 0
-89 6 -61 -100 0
52 12 55 19 1
58 52 26 -6 1
21 80 10 60 1
90 -39 -14 -53 0
36 -97 0 80 1
-40 -41 87 -12 1
-12 -1 -35 -16 0
-93 -14 -56 -68 0
-67 -23 29 -97 0
67 90 -38 0 1
-73 86 -2 9 1
75 53 -20 14 1
53 92 -85 -20 0
0 -93 51 -60 0
-62 9 -63 13 0
1 96 -14 88 1
-51 -70 -29 65 0
59 77 75 -47 1
3 36 -82 -75 0
67 -98 78 4 1
3 -3 -97 -74 0
81 11 91 13 1
15 85 -35 6 1
-18 -29 71 -31 1
-42 68 1 47 1
-66 -12 -6 93 1
28 9 -53 20 0
-96 -36 64 -40 0
78 83 -32 -95 0
89 -78 -17 -24 0
-39 67 -68 85 1
-70 -16 48 86 1
-31 -12 49 -30 1
93 80 -87 -21 0
11 -57 -33 -91 0
-46 -12 83 22 1
-45 84 -51 -80 0
65 81 -39 -60 0
26 -33 -63 31 0
66 -67 -11 69 1
-78 -34 -43 55 0
-42 20 56 88 1
-53 -67 53 18 1
100 -93 79 -71 0
67 69 -80 -67 0
13 20 -90 -24 0
-53 30 -47 -31 0
47 28 45 10 1
-42 64 40 72 1
-21 65 18 52 1
73 80 -16 22 1
88 35 10 -77 0
-80 -31 -93 -64 0
11 37 97 -75 1
-67 -36 61 -17 1
-98 -84 26 -13 0
-39 -42 14 -75 0
22 70 45 -60 1
-40 -19 69 66 1
98 11 -76 -67 0
97 -91 -63 2 0
39 53 -84 -17 0
-39 22 51 78 1
21 12 -91 -58 0
69 -74 19 18 1
-58 -38 -89 99 0
60 25 -70 -14 0
-71 -68 94 50 1
75 -60 52 18 1
42 -98 95 -67 1
-58 -64 28 52 1
-50 -62 -45 -88 0
25 -85 -74 51 0
84 -84 -18 73 1
61 31 -42 2 0
-29 -43 48 12 1
-34 -40 -90 -49 0
-2 -100 -30 -87 0
-75 -9 -53 -31 0
5 -77 79 82 1
-76 -79 -87 -34 0
69 29 -42 -48 0
28 85 26 -86 0
0 35 -52 -27 0
8 -51 -96 -84 0
44 -37 44 95 1
4 82 -98 -68 0
85 -30 56 -78 0
55 21 77 26 1
-96 -96 94 -25 1
94 -25 -24 37 1
-65 79 34 -69 1
-73 -90 76 100 1
1 -21 -74 -31 0
92 64 -68 -63 0
-18 -23 -34 68 1
28 66 -36 37 1
-38 77 -97 33 0
-19 -82 -55 -36 0
17 -62 8 69 1
-83 72 46 91 1
34 -46 88 67 1
28 -63 -64 35 0
-55 39 32 98 1
-62 24 -60 -38 0
-30 62 -20 56 1
60 -51 -92 -79 0
-50 52 44 -15 1
-90 60 36 87 1
98 6 -55 48 1
62 -96 -52 -76 0
93 3 -57 -84 0
-43 -95 23 -92 0
-67 -46 -36 60 0
-98 55 -13 -34 0
99 -55 48 92 1
35 -76 93 -1 1
-38 -6 62 49 1
-13 45 -31 27 1
-97 -11 49 87 1
34 89 -78 -77 0
-15 -24 50 -40 1
38 85 -59 -31 0
67 15 89 -10 1
54 74 16 44 1
29 -22 -91 -37 0
-37 88 63 -1 1
36 -44 15 4 1
73 -23 89 -56 1
80 -86 41 -42 0
34 7 -28 -49 0
-86 10 -72 57 0
-6 -92 7 94 1
-44 -21 84 84 1
-2 -63 70 2 1
1 -95 42 84 1
39 44 59 -24 1
86 87 92 89 1
-2 -36 20 -43 0
44 27 32 0 1
-97 33 -50 27 0
70 76 -55 -85 0
17 -9 83 87 1
83 25 61 -89 1
27 -66 -87 35 0
52 93 -1 -18 1
10 -60 83 -35 1
-73 43 43 -59 1
-94 26 -44 80 1
34 -22 59 34 1
-67 27 86 26 1
-54 27 -74 -49 0
60 88 -54 -5 0
35 77 -61 93 1
-95 1 55 66 1
-55 51 -88 37 0
57 57 -87 -13 0
-76 37 -32 65 1
84 -14 88 52 1
1 4 80 -47 1
-2 74 61 41 1
99 -88 74 -71 0
-88 83 -52 -65 0
-66 -42 88 29 1
45 71 83 -91 1
83 44 -33 69 1
-53 -12 -42 -64 0
-88 -74 -98 -78 0
-54 -17 -82 -66 0
-5 95 -100 55 0
-52 31 -89 12 0
56 -60 -98 -41 0
-90 32 9 27 1
-10 7 -92 -63 0
2 -9 86 86 1
77 -81 -65 64 0
24 -26 -51 46 0
-96 -51 -87 79 0
44 83 4 -39 1
-2 -83 98 -76 0
-7 -34 -54 68 0
67 -91 7 -74 0
-80 85 96 6 1
-34 -48 -61 -17 0
91 16 35 -69 1
-4 96 55 52 1
-45 36 -56 -47 0
-62 55 -57 -92 0
68 20 -68 92 1
-84 17 -25 -21 0
-49 92 10 64 1
-40 -82 53 -60 0
53 -96 38 -3 1
-14 10 63 -16 1
33 -42 -1 75 1
3 58 39 -92 0
21 -74 4 -5 0
-50 -81 83 -69 0
98 79 -63 39 1
-21 72 -47 32 1
45 -75 82 22 1
-24 -100 -4 98 1
69 4 -17 23 1
-1 -7 -75 23 0
72 -28 -62 -50 0
43 32 -74 -25 0
-74 -72 28 -31 0
-43 -87 -78 -39 0
-10 -38 33 -18 1
-56 10 -33 -77 0
37 79 -95 -67 0
29 -37 -16 89 1
-9 -69 86 31 1
-16 38 79 -27 1
97 41 -40 4 0
-19 86 -55 53 1
31 92 -86 98 1
-85 -95 -46 -100 0
99 89 -19 -68 0
-42 -71 59 59 1
-82 7 2 -29 0
90 -81 -31 77 1
92 29 -50 81 1
-40 -42 16 85 1
46 69 -94 71 1
60 -25 23 -76 0
-50 36 17 -17 1
-98 -72 -62 74 0
-57 -3 16 -87 0
-55 -67 -90 15 0
-13 25 -23 15 0
-70 -36 7 99 1
-33 26 10 28 1
-5 36 -33 -89 0
51 -80 -99 98 0
-32 70 -1 24 1
-78 58 -62 -25 0
-48 -2 95 13 1
92 -94 -67 -71 0
-15 -86 -48 -14 0
-9 95 13 -6 1
3 74 -13 -76 0
41 60 -68 18 0
-75 -27 1 8 0
45 51 -65 21 0
-65 62 -16 97 1
-80 -94 36 -100 0
-39 -11 2 -29 0
22 -94 97 64 1
57 3 -81 -53 0
50 -33 35 -44 0
-7 -28 46 50 1
50 -54 -61 -44 0
62 -40 -2 41 1
-72 -41 -87 61 0
22 54 -23 85 1
25 -26 -13 -9 0
-45 -15 -9 -77 0
99 41 -80 -65 0
63 97 -63 50 1
61 -82 28 -69 0
-70 73 30 49 1
-82 -20 -1 -88 0
-28 24 88 -1 1
37 -69 -51 -37 0
7 -53 28 73 1
24 -46 -62 -64 0
58 -67 -1 5 0
18 26 -74 -54 0
-82 -12 -59 -81 0
-98 -58 -51 57 0
93 -79 18 -11 0
-22 21 -14 39 1
-46 -76 -31 -94 0
-39 -59 88 7 1
75 40 40 -55 1
-63 -18 100 -47 1
-60 36 -100 -68 0
40 -80 14 -85 0
-77 90 -46 8 0
-13 -91 9 5 0
-30 63 66 -35 1
-67 1 -3 61 1
31 -14 1 22 1
78 61 -97 -23 0
62 -21 71 -70 1
69 56 37 -89 1
53 -43 -27 -38 0
-4 49 63 84 1
21 72 94 -4 1
-8 0 -26 -1 0
-71 89 -59 65 1
91 57 -3 -65 0
-16 -67 31 -5 0
0 100 -12 90 1
-75 -11 -63 95 0
27 91 -23 -4 1
6 -95 -79 68 0
41 -73 -66 28 0
-45 -56 76 11 1
-49 -41 -83 -4 0
-89 70 98 -67 1
-49 80 -31 -19 0
82 -90 -59 59 0
-97 70 -6 34 1
-36 -96 32 -37 0
92 -14 57 -78 1
-13 -51 -74 18 0
-44 39 30 -88 0
-98 -9 17 21 1
21 -65 28 -39 0
-23 1 46 63 1
-90 -81 55 -91 0
12 66 22 -88 0
2 -31 -14 -38 0
-88 -34 -41 28 0
-76 6 32 100 1
46 -55 99 -28 1
44 -14 6 -21 0
27 -80 -52 -13 0
-34 -52 39 52 1
43 11 53 27 1
33 -78 -46 -49 0
62 57 40 -56 1
-42 24 -80 -37 0
74 -3 -25 -54 0
-6 10 -89 98 0
-5 -66 -59 49 0
-9 -19 -43 34 0
39 89 12 10 1
47 -93 -43 44 0
-30 68 90 94 1
-90 -59 70 68 1
57 -26 -26 59 1
-19 -1 64 -39 1
-19 13 55 -75 0
75 82 100 11 1
39 76 -8 -84 0
94 100 61 23 1
76 42 68 -35 1
74 -78 92 68 1
92 59 -40 26 1
-72 24 85 -17 1
-4 6 -57 -32 0
-7 -74 79 -16 1
-53 -43 -59 99 0
56 60 40 -12 1
10 99 88 -61 1
-55 61 -6 -40 0
62 94 57 20 1
67 -37 50 -47 1
92 -74 -32 -57 0
75 37 -30 57 1
-95 -99 24 -14 0
-74 -7 33 44 1
54 -56 -74 -22 0
-12 36 -81 19 0
-41 -25 74 -79 0
94 89 -43 54 1
-47 12 96 21 1
50 -18 66 93 1
32 25 47 -9 1
35 12 17 -2 1
-12 -43 -31 -56 0
-87 66 -100 13 0
79 96 -55 50 1
-70 -68 19 -5 0
